215.0390625
215.0390625
215.0390625
215.0390625
215.0390625
215.0390625
215.0390625
215.0390625
215.0390625
215.0390625
215.0390625
215.0390625
215.0390625
215.0390625
215.0390625
215.0390625
215.0390625
215.0390625
215.0390625
215.0390625
215.0390625
215.0390625
215.0390625
215.0390625
215.0390625
215.0390625
215.0390625
215.0390625
215.0390625
215.0390625
215.0390625
215.0390625
215.0390625
215.0390625
215.0390625
215.0390625
215.0390625
215.0390625
215.0390625
215.0390625
215.0390625
215.0390625
215.0390625
215.0390625
215.0390625
215.0390625
204.4921875
192.48046875
182.8125
174.0234375
168.45703125
162.59765625
158.7890625
156.4453125
155.56640625
153.515625
152.63671875
152.63671875
151.7578125
151.171875
150.29296875
150.29296875
150.0
150.0
150.0
150.0
150.0
150.0
150.0
150.0
150.0
150.0
150.0
150.0
150.0
150.0
150.0
150.0
150.0
150.0
150.0
150.0
150.0
150.29296875
150.0
150.0
150.0
