27.685546875
27.685546875
27.685546875
27.685546875
27.685546875
27.685546875
27.685546875
27.685546875
27.685546875
27.685546875
27.685546875
27.685546875
27.685546875
27.685546875
27.685546875
27.685546875
27.685546875
27.685546875
27.685546875
27.685546875
27.685546875
27.685546875
27.685546875
27.685546875
27.685546875
27.685546875
27.685546875
27.685546875
27.685546875
27.685546875
27.685546875
27.685546875
27.685546875
27.685546875
27.685546875
27.685546875
27.685546875
27.685546875
27.685546875
27.685546875
27.685546875
27.685546875
27.685546875
27.685546875
80
80
80
80
80
80
80
80
80
80
80
80
80
80
80
80
80
80
80
80
80
80
80
80
80
80
80
80
80
80
80
80
80
80
80
80
80
80
80
80
80
80
80
