[242.578125, 29.150390625, 67.236328125, 145.3125]
[242.578125, 29.150390625, 67.236328125, 145.3125]
[242.578125, 29.150390625, 67.236328125, 145.3125]
[242.578125, 29.150390625, 67.236328125, 145.3125]
[242.578125, 29.150390625, 67.236328125, 145.3125]
[242.578125, 29.150390625, 67.236328125, 145.3125]
[242.578125, 29.150390625, 67.236328125, 145.3125]
[242.578125, 29.150390625, 67.236328125, 145.3125]
[242.578125, 29.150390625, 67.236328125, 145.3125]
[242.578125, 29.150390625, 67.236328125, 145.3125]
[242.578125, 29.150390625, 67.236328125, 145.3125]
[242.578125, 29.150390625, 67.236328125, 145.3125]
[242.578125, 29.150390625, 67.236328125, 145.3125]
[242.578125, 29.150390625, 67.236328125, 145.3125]
[242.578125, 29.150390625, 67.236328125, 145.3125]
[242.578125, 29.150390625, 67.236328125, 145.3125]
[242.578125, 29.150390625, 67.236328125, 145.3125]
[242.578125, 29.150390625, 67.236328125, 145.3125]
[242.578125, 29.150390625, 67.236328125, 145.3125]
[243.75, 29.150390625, 68.408203125, 145.3125]
[244.3359375, 29.00390625, 71.77734375, 145.3125]
[244.3359375, 28.564453125, 77.783203125, 145.3125]
[243.45703125, 28.41796875, 83.7890625, 145.3125]
[241.9921875, 28.41796875, 86.42578125, 145.3125]
[241.40625, 28.41796875, 86.42578125, 145.3125]
[240.234375, 28.41796875, 89.0625, 145.3125]
[239.94140625, 28.41796875, 90.966796875, 145.60546875]
[239.6484375, 28.41796875, 93.75, 145.3125]
[239.6484375, 28.41796875, 95.654296875, 145.3125]
[239.94140625, 28.41796875, 95.947265625, 145.3125]
[239.94140625, 28.41796875, 95.80078125, 145.3125]
[239.6484375, 28.41796875, 95.80078125, 145.3125]
[239.35546875, 28.41796875, 99.0234375, 145.3125]
[239.35546875, 28.41796875, 101.66015625, 145.8984375]
[239.35546875, 28.41796875, 101.953125, 145.3125]
[239.35546875, 28.41796875, 101.953125, 145.3125]
[239.35546875, 28.41796875, 101.953125, 145.3125]
[239.35546875, 28.41796875, 101.953125, 145.3125]
[239.35546875, 28.41796875, 101.953125, 145.3125]
[239.35546875, 28.41796875, 101.953125, 145.3125]
[239.35546875, 28.41796875, 101.806640625, 145.3125]
[239.35546875, 28.41796875, 101.07421875, 145.3125]
[239.35546875, 28.41796875, 101.07421875, 145.3125]
[239.35546875, 28.564453125, 101.07421875, 145.3125]
[239.94140625, 30.46875, 101.07421875, 145.3125]
[239.6484375, 38.232421875, 100.48828125, 145.3125]
[239.35546875, 46.875, 100.48828125, 145.3125]
[239.35546875, 58.740234375, 100.48828125, 145.3125]
[239.35546875, 70.458984375, 100.48828125, 145.3125]
[239.35546875, 82.03125, 100.48828125, 145.3125]
[239.35546875, 91.9921875, 100.48828125, 145.3125]
[239.35546875, 100.78125, 100.48828125, 145.3125]
[239.6484375, 106.494140625, 100.48828125, 145.3125]
[239.6484375, 110.595703125, 100.48828125, 145.3125]
[239.6484375, 113.671875, 100.48828125, 145.3125]
[239.6484375, 114.404296875, 100.341796875, 145.3125]
[239.6484375, 114.55078125, 100.48828125, 145.3125]
[239.6484375, 114.55078125, 100.48828125, 145.3125]
[239.6484375, 114.55078125, 100.48828125, 145.3125]
[239.6484375, 114.55078125, 100.48828125, 145.3125]
[239.6484375, 114.55078125, 100.48828125, 145.3125]
[239.6484375, 114.55078125, 100.48828125, 145.3125]
[239.6484375, 114.55078125, 100.48828125, 145.3125]
[239.6484375, 114.55078125, 100.48828125, 145.3125]
[239.6484375, 114.55078125, 100.48828125, 145.3125]
[239.6484375, 114.55078125, 100.48828125, 145.3125]
[239.6484375, 114.55078125, 100.48828125, 145.3125]
[239.6484375, 114.55078125, 100.48828125, 145.3125]
[239.6484375, 112.20703125, 100.48828125, 145.3125]
[241.69921875, 106.494140625, 100.48828125, 145.3125]
[243.75, 101.220703125, 100.48828125, 145.3125]
[243.75, 94.482421875, 100.48828125, 145.3125]
[243.75, 93.310546875, 100.48828125, 145.3125]
[243.75, 93.310546875, 100.48828125, 145.3125]
[243.75, 93.310546875, 100.48828125, 145.3125]
[243.45703125, 92.87109375, 100.48828125, 145.3125]
[245.21484375, 78.662109375, 100.48828125, 145.3125]
[245.5078125, 59.1796875, 100.48828125, 145.3125]
[245.5078125, 43.505859375, 100.48828125, 145.3125]
[245.21484375, 31.34765625, 100.48828125, 145.3125]
[245.21484375, 29.296875, 100.48828125, 145.3125]
[245.21484375, 29.296875, 97.998046875, 145.3125]
[245.21484375, 29.296875, 88.623046875, 145.3125]
[245.21484375, 29.296875, 77.490234375, 145.3125]
[245.21484375, 29.296875, 74.12109375, 145.3125]
[244.921875, 29.296875, 74.12109375, 145.3125]
[244.921875, 29.296875, 73.53515625, 145.3125]
[245.21484375, 29.296875, 72.216796875, 145.3125]
[245.21484375, 29.296875, 72.216796875, 145.3125]
[245.21484375, 29.150390625, 72.94921875, 145.3125]
[244.921875, 30.029296875, 72.94921875, 145.3125]
[244.04296875, 44.677734375, 72.802734375, 145.3125]
[243.45703125, 60.64453125, 71.923828125, 145.3125]
[241.69921875, 75.0, 71.77734375, 145.3125]
[241.40625, 85.986328125, 71.923828125, 145.3125]
[241.11328125, 93.603515625, 71.923828125, 145.3125]
[241.11328125, 96.6796875, 72.0703125, 145.3125]
[241.40625, 98.73046875, 71.923828125, 145.3125]
[241.40625, 99.609375, 71.923828125, 145.3125]
[241.40625, 99.609375, 71.923828125, 145.8984375]
[241.40625, 99.609375, 71.923828125, 145.3125]
[241.40625, 99.609375, 71.923828125, 145.3125]
[241.40625, 99.462890625, 72.216796875, 145.3125]
[241.40625, 98.4375, 74.4140625, 145.3125]
[241.69921875, 97.265625, 75.29296875, 145.3125]
[241.69921875, 98.14453125, 75.146484375, 145.3125]
[241.69921875, 98.583984375, 75.146484375, 145.3125]
[241.69921875, 99.609375, 75.146484375, 145.3125]
[241.69921875, 99.609375, 75.146484375, 145.3125]
[244.04296875, 91.552734375, 75.146484375, 145.3125]
[247.55859375, 76.7578125, 75.146484375, 145.3125]
[250.1953125, 58.30078125, 75.146484375, 145.3125]
[249.609375, 42.919921875, 75.146484375, 145.3125]
[249.0234375, 30.322265625, 75.146484375, 145.3125]
[246.38671875, 29.296875, 75.146484375, 145.3125]
[246.09375, 29.296875, 75.146484375, 145.3125]
[246.09375, 29.296875, 75.146484375, 145.3125]
[246.09375, 29.296875, 75.146484375, 145.3125]
[246.09375, 29.296875, 75.146484375, 145.3125]
[246.09375, 29.296875, 75.146484375, 145.3125]
[246.09375, 29.296875, 75.146484375, 145.3125]
[246.09375, 29.296875, 75.146484375, 145.3125]
[246.09375, 29.296875, 75.146484375, 145.3125]
[246.09375, 29.296875, 75.146484375, 145.3125]
[246.09375, 29.296875, 75.146484375, 145.3125]
[246.97265625, 29.296875, 72.94921875, 145.3125]
[246.97265625, 29.296875, 67.08984375, 145.3125]
[247.55859375, 29.296875, 55.810546875, 145.3125]
[247.55859375, 29.296875, 39.697265625, 145.3125]
[247.265625, 29.150390625, 32.8125, 145.3125]
[247.265625, 29.296875, 32.373046875, 145.3125]
[247.265625, 29.296875, 32.373046875, 145.3125]
[247.265625, 29.296875, 32.51953125, 145.3125]
[247.265625, 29.150390625, 34.27734375, 145.3125]
[247.55859375, 29.00390625, 40.13671875, 145.3125]
[247.8515625, 28.564453125, 49.51171875, 145.3125]
[247.8515625, 28.41796875, 59.912109375, 145.3125]
[249.0234375, 28.41796875, 67.3828125, 145.3125]
[249.0234375, 28.41796875, 68.26171875, 145.3125]
[248.4375, 28.41796875, 68.26171875, 145.3125]
[248.4375, 29.150390625, 68.26171875, 145.3125]
[247.265625, 42.333984375, 68.26171875, 145.3125]
[246.09375, 56.396484375, 68.26171875, 145.3125]
[245.21484375, 70.458984375, 68.26171875, 145.3125]
[245.21484375, 82.470703125, 68.26171875, 145.3125]
[245.21484375, 93.017578125, 68.26171875, 145.3125]
[245.21484375, 97.705078125, 68.26171875, 145.3125]
[245.21484375, 96.09375, 68.26171875, 145.3125]
[245.21484375, 91.40625, 68.26171875, 145.3125]
[245.5078125, 85.107421875, 68.26171875, 145.3125]
[245.5078125, 72.36328125, 68.26171875, 145.3125]
[245.5078125, 63.134765625, 67.96875, 145.3125]
[245.5078125, 53.466796875, 68.26171875, 145.3125]
[245.5078125, 45.263671875, 68.26171875, 145.3125]
[245.5078125, 37.646484375, 68.5546875, 145.3125]
[245.5078125, 30.322265625, 68.26171875, 145.3125]
[245.5078125, 29.296875, 68.26171875, 145.3125]
[245.5078125, 29.296875, 68.408203125, 145.3125]
[245.5078125, 29.296875, 68.26171875, 145.3125]
[245.5078125, 29.296875, 68.26171875, 145.3125]
[245.5078125, 29.296875, 68.115234375, 145.3125]
[245.5078125, 29.296875, 66.796875, 145.3125]
[245.5078125, 29.296875, 61.5234375, 145.3125]
[245.5078125, 29.296875, 50.9765625, 145.3125]
[245.5078125, 29.296875, 39.55078125, 145.3125]
[245.5078125, 29.296875, 32.373046875, 145.3125]
[245.5078125, 29.296875, 32.373046875, 145.3125]
[245.5078125, 29.296875, 32.373046875, 145.3125]
[245.5078125, 29.296875, 34.130859375, 145.3125]
[245.80078125, 29.00390625, 39.697265625, 145.3125]
[245.80078125, 28.564453125, 48.779296875, 145.3125]
[245.80078125, 28.564453125, 58.447265625, 145.3125]
[245.80078125, 28.564453125, 66.2109375, 145.3125]
[246.38671875, 28.564453125, 68.994140625, 145.3125]
[246.09375, 28.564453125, 69.287109375, 145.3125]
[246.09375, 28.564453125, 69.287109375, 145.3125]
[246.09375, 29.00390625, 69.287109375, 145.3125]
[245.5078125, 38.37890625, 69.140625, 145.3125]
[241.9921875, 55.6640625, 69.140625, 145.3125]
[239.35546875, 72.36328125, 69.140625, 145.3125]
[239.35546875, 83.7890625, 69.140625, 145.3125]
[241.40625, 93.603515625, 69.140625, 145.3125]
[243.75, 94.775390625, 69.140625, 145.3125]
[243.75, 95.654296875, 69.140625, 145.3125]
[243.75, 94.921875, 69.140625, 145.3125]
[244.04296875, 84.521484375, 69.140625, 145.3125]
[244.3359375, 68.994140625, 69.140625, 145.3125]
[244.3359375, 51.708984375, 69.140625, 145.3125]
[244.3359375, 37.5, 69.140625, 145.3125]
[244.3359375, 29.443359375, 69.140625, 145.3125]
[244.3359375, 29.443359375, 69.140625, 145.3125]
[244.3359375, 29.296875, 69.287109375, 145.3125]
[244.3359375, 29.296875, 69.287109375, 145.3125]
[244.3359375, 29.296875, 69.287109375, 145.3125]
[244.3359375, 29.296875, 69.287109375, 145.3125]
[244.3359375, 29.296875, 69.140625, 145.3125]
[244.3359375, 29.296875, 69.140625, 145.3125]
[244.3359375, 29.296875, 69.140625, 145.3125]
[244.3359375, 29.296875, 69.287109375, 145.60546875]
[244.3359375, 29.296875, 69.287109375, 145.3125]
[244.3359375, 29.296875, 69.287109375, 145.3125]
[244.3359375, 29.296875, 69.287109375, 145.3125]
[244.3359375, 29.296875, 69.140625, 145.3125]
[244.3359375, 29.296875, 69.140625, 145.3125]
[244.3359375, 29.296875, 69.140625, 145.3125]
[244.3359375, 29.296875, 69.140625, 145.3125]
[244.3359375, 29.296875, 69.287109375, 145.3125]
[244.3359375, 29.296875, 69.140625, 145.3125]
[244.3359375, 29.296875, 69.287109375, 145.3125]
[244.3359375, 29.296875, 69.140625, 145.3125]
[244.3359375, 29.296875, 69.140625, 145.3125]
[244.3359375, 29.296875, 69.287109375, 145.3125]
[244.3359375, 29.296875, 69.140625, 145.3125]
[244.3359375, 29.296875, 69.287109375, 145.3125]
[244.3359375, 29.296875, 69.287109375, 145.3125]
[244.3359375, 29.296875, 69.287109375, 145.3125]
[244.3359375, 29.296875, 69.140625, 145.3125]
[244.3359375, 29.296875, 69.140625, 145.3125]
[244.3359375, 29.296875, 69.140625, 145.3125]
[244.3359375, 29.296875, 69.287109375, 145.3125]
[244.3359375, 29.296875, 69.140625, 145.3125]
[244.3359375, 29.296875, 69.287109375, 145.3125]
[244.3359375, 29.296875, 69.287109375, 145.3125]
[244.3359375, 29.296875, 69.140625, 145.3125]
[244.3359375, 29.296875, 69.287109375, 145.3125]
[244.3359375, 29.296875, 69.140625, 145.3125]
[244.3359375, 29.296875, 69.287109375, 145.3125]
[244.3359375, 29.296875, 69.140625, 145.3125]
[244.3359375, 29.296875, 69.287109375, 145.3125]
[244.3359375, 29.296875, 69.287109375, 145.3125]
[244.3359375, 29.296875, 69.140625, 145.3125]
[244.3359375, 29.296875, 69.287109375, 145.3125]
[244.3359375, 29.296875, 69.140625, 145.3125]
[244.3359375, 29.296875, 69.140625, 145.3125]
[244.3359375, 29.296875, 69.287109375, 145.3125]
[244.3359375, 29.296875, 69.140625, 145.3125]
[244.3359375, 29.296875, 69.287109375, 145.3125]
[244.3359375, 29.296875, 69.287109375, 145.3125]
[244.3359375, 29.296875, 69.140625, 145.3125]
[244.3359375, 29.296875, 69.287109375, 145.3125]
[244.3359375, 29.296875, 69.287109375, 145.3125]
[244.3359375, 29.296875, 69.140625, 145.3125]
[244.3359375, 29.296875, 69.140625, 145.3125]
[244.3359375, 29.296875, 69.140625, 145.3125]
[244.3359375, 29.296875, 69.140625, 145.3125]
[244.3359375, 29.296875, 69.287109375, 145.3125]
[244.3359375, 29.296875, 69.140625, 145.3125]
[244.3359375, 29.296875, 69.140625, 145.3125]
[244.3359375, 29.296875, 69.140625, 145.3125]
[244.3359375, 29.296875, 69.140625, 145.3125]
[244.3359375, 29.296875, 69.140625, 145.3125]
[244.3359375, 29.296875, 69.140625, 145.3125]
[244.3359375, 29.296875, 69.140625, 145.3125]
[244.3359375, 29.296875, 69.287109375, 145.3125]
[244.3359375, 29.296875, 69.287109375, 145.3125]
[244.3359375, 29.296875, 69.140625, 145.3125]
[244.3359375, 29.296875, 69.140625, 145.3125]
[244.3359375, 29.296875, 69.140625, 145.3125]
[244.04296875, 35.44921875, 69.140625, 145.3125]
[243.45703125, 46.875, 69.287109375, 145.3125]
[243.45703125, 60.9375, 69.287109375, 145.3125]
[243.45703125, 70.8984375, 69.140625, 145.3125]
[243.45703125, 76.611328125, 69.140625, 145.3125]
[243.45703125, 81.005859375, 69.140625, 145.3125]
[243.45703125, 83.203125, 69.140625, 145.3125]
[243.45703125, 83.935546875, 69.140625, 145.3125]
[243.45703125, 86.1328125, 68.994140625, 145.3125]
[243.45703125, 88.037109375, 68.994140625, 145.3125]
[243.45703125, 90.673828125, 68.994140625, 145.3125]
[243.45703125, 92.138671875, 68.994140625, 145.3125]
[243.45703125, 92.431640625, 68.994140625, 145.3125]
[243.45703125, 92.431640625, 68.994140625, 145.3125]
[243.45703125, 92.431640625, 68.994140625, 145.3125]
[243.45703125, 92.431640625, 68.994140625, 145.3125]
[243.45703125, 92.578125, 68.994140625, 145.3125]
[243.45703125, 92.578125, 68.994140625, 145.3125]
[243.45703125, 92.578125, 68.994140625, 145.3125]
[243.45703125, 92.578125, 68.994140625, 145.3125]
[243.45703125, 92.578125, 68.994140625, 145.3125]
[243.45703125, 92.431640625, 68.994140625, 145.3125]
[243.45703125, 92.724609375, 68.994140625, 145.3125]
[243.45703125, 92.431640625, 68.994140625, 145.60546875]
[243.45703125, 92.724609375, 68.994140625, 145.3125]
[243.45703125, 92.578125, 68.994140625, 145.3125]
[243.45703125, 92.724609375, 68.994140625, 145.3125]
[243.45703125, 92.724609375, 68.994140625, 145.3125]
[243.45703125, 92.724609375, 68.994140625, 145.3125]
[243.45703125, 92.578125, 68.994140625, 145.3125]
[243.45703125, 92.578125, 68.994140625, 145.3125]
[243.45703125, 92.724609375, 68.994140625, 145.3125]
[243.45703125, 92.578125, 68.994140625, 145.3125]
[243.45703125, 92.431640625, 68.994140625, 145.3125]
[243.45703125, 92.578125, 68.994140625, 145.3125]
[243.45703125, 92.578125, 68.994140625, 145.3125]
[243.45703125, 92.431640625, 68.994140625, 145.3125]
[243.45703125, 92.724609375, 68.994140625, 145.3125]
[243.45703125, 92.431640625, 68.994140625, 145.3125]
[243.45703125, 92.578125, 68.994140625, 145.3125]
[243.45703125, 92.578125, 68.994140625, 145.3125]
[243.45703125, 92.578125, 68.994140625, 145.3125]
[243.45703125, 92.724609375, 68.994140625, 145.3125]
[243.45703125, 92.431640625, 68.994140625, 145.3125]
[243.45703125, 92.724609375, 68.994140625, 145.3125]
[243.45703125, 92.431640625, 68.994140625, 145.3125]
[243.45703125, 92.578125, 68.994140625, 145.3125]
[243.45703125, 92.578125, 68.994140625, 145.3125]
[243.45703125, 92.724609375, 68.994140625, 145.3125]
[243.45703125, 92.578125, 68.994140625, 145.3125]
[243.45703125, 92.578125, 68.994140625, 145.3125]
[243.45703125, 92.578125, 68.994140625, 145.3125]
[243.45703125, 92.578125, 68.994140625, 145.3125]
[243.45703125, 92.578125, 68.994140625, 145.3125]
[243.45703125, 92.431640625, 68.994140625, 145.3125]
[243.45703125, 92.724609375, 68.994140625, 145.3125]
[243.45703125, 92.578125, 68.994140625, 145.3125]
[243.45703125, 92.724609375, 68.994140625, 145.3125]
[243.45703125, 92.724609375, 68.994140625, 145.3125]
[243.45703125, 92.431640625, 68.994140625, 145.3125]
[243.45703125, 92.724609375, 68.994140625, 145.3125]
[243.45703125, 92.431640625, 68.994140625, 145.3125]
[243.45703125, 92.578125, 68.994140625, 145.3125]
[243.45703125, 92.724609375, 68.994140625, 145.3125]
[243.45703125, 92.431640625, 68.994140625, 145.3125]
[243.45703125, 92.578125, 68.994140625, 145.3125]
[243.45703125, 92.578125, 68.994140625, 145.3125]
[243.45703125, 92.431640625, 68.994140625, 145.3125]
[243.45703125, 92.724609375, 68.994140625, 145.3125]
[243.45703125, 92.578125, 68.994140625, 145.3125]
[243.45703125, 92.578125, 68.994140625, 145.3125]
[243.45703125, 92.724609375, 68.994140625, 145.3125]
[243.45703125, 92.578125, 68.994140625, 145.3125]
[243.45703125, 92.578125, 68.994140625, 145.3125]
[243.45703125, 92.578125, 68.994140625, 145.3125]
[243.45703125, 92.578125, 68.994140625, 145.3125]
[243.45703125, 92.578125, 68.994140625, 145.3125]
[243.45703125, 92.578125, 68.994140625, 145.3125]
[243.45703125, 92.431640625, 68.994140625, 145.3125]
[243.45703125, 92.431640625, 68.994140625, 145.3125]
[243.45703125, 92.578125, 68.994140625, 145.3125]
[243.45703125, 92.578125, 68.994140625, 145.3125]
[243.45703125, 92.724609375, 68.994140625, 145.3125]
[243.45703125, 92.431640625, 68.994140625, 145.3125]
[243.45703125, 92.578125, 68.994140625, 145.3125]
[243.45703125, 92.578125, 68.994140625, 145.3125]
[243.45703125, 92.724609375, 68.994140625, 145.3125]
[243.45703125, 92.724609375, 68.994140625, 145.3125]
[243.45703125, 92.578125, 68.994140625, 145.3125]
[243.45703125, 92.578125, 68.994140625, 145.3125]
[243.45703125, 92.724609375, 68.994140625, 145.3125]
[243.45703125, 92.724609375, 68.994140625, 145.3125]
[243.45703125, 92.431640625, 68.994140625, 145.3125]
[243.45703125, 92.87109375, 68.994140625, 145.3125]
[243.45703125, 92.578125, 68.994140625, 145.3125]
[243.45703125, 92.578125, 68.994140625, 145.3125]
[243.45703125, 92.431640625, 68.994140625, 145.3125]
[243.45703125, 92.578125, 68.994140625, 145.3125]
[243.45703125, 92.578125, 68.994140625, 145.3125]
[243.45703125, 92.724609375, 68.994140625, 145.3125]
[243.45703125, 92.578125, 68.994140625, 145.3125]
[243.45703125, 92.578125, 68.994140625, 145.3125]
[243.45703125, 92.724609375, 68.994140625, 145.3125]
[243.45703125, 92.724609375, 68.994140625, 145.3125]
[243.45703125, 92.431640625, 68.994140625, 145.3125]
[243.45703125, 92.724609375, 68.994140625, 145.3125]
[243.45703125, 92.578125, 68.994140625, 145.3125]
[243.45703125, 92.724609375, 68.994140625, 145.3125]
[243.45703125, 92.578125, 68.84765625, 145.3125]
[243.45703125, 92.578125, 68.994140625, 145.3125]
[243.45703125, 92.578125, 68.994140625, 145.3125]
[243.45703125, 92.431640625, 68.994140625, 145.3125]
[243.45703125, 92.431640625, 68.994140625, 145.3125]
[243.45703125, 92.724609375, 68.994140625, 145.3125]
[243.45703125, 92.578125, 68.994140625, 145.3125]
[243.45703125, 92.578125, 68.994140625, 145.3125]
[243.45703125, 92.431640625, 68.994140625, 145.3125]
[243.45703125, 92.431640625, 68.994140625, 145.3125]
[243.45703125, 92.431640625, 68.994140625, 145.3125]
[243.45703125, 92.578125, 68.994140625, 145.3125]
[243.45703125, 92.578125, 68.994140625, 145.3125]
[243.45703125, 92.724609375, 68.994140625, 145.3125]
[243.45703125, 92.578125, 68.994140625, 145.3125]
[243.45703125, 92.578125, 68.994140625, 145.3125]
[243.45703125, 92.431640625, 68.994140625, 145.3125]
[243.45703125, 89.94140625, 68.994140625, 145.3125]
[243.45703125, 77.9296875, 68.994140625, 145.3125]
[244.04296875, 62.841796875, 68.994140625, 145.3125]
[244.04296875, 49.21875, 68.994140625, 145.3125]
[244.04296875, 36.03515625, 68.994140625, 145.3125]
[244.04296875, 29.150390625, 69.140625, 145.3125]
[244.04296875, 29.150390625, 69.140625, 145.3125]
[244.04296875, 29.150390625, 69.140625, 145.3125]
[244.04296875, 29.150390625, 69.140625, 145.3125]
[244.04296875, 29.150390625, 69.140625, 145.3125]
[244.04296875, 29.150390625, 69.140625, 145.3125]
[244.04296875, 29.150390625, 69.140625, 145.3125]
[244.04296875, 29.150390625, 69.140625, 145.3125]
[244.04296875, 29.150390625, 69.140625, 145.3125]
[244.04296875, 29.150390625, 69.140625, 145.3125]
[244.04296875, 29.150390625, 69.140625, 145.3125]
[244.04296875, 29.150390625, 69.140625, 145.3125]
[244.04296875, 29.150390625, 69.140625, 145.3125]
[244.04296875, 29.150390625, 69.140625, 145.3125]
[244.04296875, 29.150390625, 69.140625, 145.3125]
[244.04296875, 29.00390625, 69.140625, 145.3125]
[244.04296875, 29.150390625, 69.140625, 145.3125]
[244.04296875, 29.150390625, 69.140625, 145.3125]
[244.04296875, 29.150390625, 69.140625, 145.3125]
[244.04296875, 29.150390625, 69.140625, 145.3125]
[244.04296875, 29.150390625, 69.140625, 145.3125]
[244.04296875, 29.150390625, 69.140625, 145.3125]
[244.04296875, 29.150390625, 69.140625, 145.3125]
[244.04296875, 29.150390625, 69.140625, 145.3125]
[244.04296875, 29.150390625, 69.140625, 145.3125]
[244.04296875, 29.150390625, 69.140625, 145.3125]
[244.04296875, 29.150390625, 69.140625, 145.3125]
[244.04296875, 29.150390625, 69.140625, 145.3125]
[244.04296875, 29.150390625, 69.140625, 145.3125]
[244.04296875, 29.150390625, 69.140625, 145.3125]
[244.04296875, 29.150390625, 69.140625, 145.3125]
[244.04296875, 29.150390625, 69.140625, 145.3125]
[244.04296875, 29.150390625, 69.140625, 145.3125]
[244.3359375, 29.150390625, 65.91796875, 145.3125]
[244.3359375, 29.150390625, 58.447265625, 145.3125]
[244.3359375, 29.150390625, 50.09765625, 145.3125]
[244.3359375, 29.150390625, 40.13671875, 145.3125]
[244.3359375, 29.150390625, 32.51953125, 145.3125]
[244.3359375, 29.150390625, 32.2265625, 145.3125]
[244.3359375, 29.150390625, 32.2265625, 145.3125]
[244.3359375, 29.150390625, 32.2265625, 145.3125]
[244.3359375, 29.150390625, 32.2265625, 145.3125]
[244.3359375, 29.150390625, 32.373046875, 145.3125]
[244.3359375, 29.150390625, 32.2265625, 145.3125]
[244.3359375, 29.150390625, 32.373046875, 145.3125]
[244.3359375, 29.150390625, 32.373046875, 145.3125]
[244.3359375, 29.150390625, 32.373046875, 145.3125]
[244.3359375, 29.150390625, 32.2265625, 145.3125]
[244.3359375, 29.150390625, 32.2265625, 145.3125]
[244.3359375, 29.150390625, 32.373046875, 145.3125]
[244.3359375, 29.150390625, 32.2265625, 145.3125]
[244.3359375, 29.150390625, 32.373046875, 145.3125]
[244.3359375, 29.150390625, 32.373046875, 145.3125]
[244.04296875, 29.150390625, 32.2265625, 145.3125]
[244.3359375, 29.150390625, 32.2265625, 145.3125]
[244.3359375, 29.150390625, 32.373046875, 145.3125]
[244.3359375, 29.150390625, 32.373046875, 145.3125]
[244.3359375, 29.150390625, 32.2265625, 145.3125]
[244.3359375, 29.296875, 32.373046875, 145.3125]
[244.3359375, 29.150390625, 32.2265625, 145.3125]
[244.3359375, 29.150390625, 32.2265625, 145.3125]
[244.3359375, 29.150390625, 32.373046875, 145.3125]
[244.3359375, 29.150390625, 32.373046875, 145.3125]
[244.3359375, 29.150390625, 32.2265625, 145.3125]
[244.3359375, 29.150390625, 32.2265625, 145.3125]
[244.3359375, 29.150390625, 32.2265625, 145.3125]
[244.3359375, 29.150390625, 32.373046875, 145.3125]
[244.3359375, 29.150390625, 32.373046875, 145.3125]
[244.3359375, 29.150390625, 32.373046875, 145.3125]
[244.3359375, 29.150390625, 32.373046875, 145.3125]
[244.3359375, 29.150390625, 32.2265625, 145.3125]
[244.3359375, 29.150390625, 32.2265625, 145.01953125]
[244.3359375, 29.150390625, 32.2265625, 145.3125]
[244.3359375, 29.150390625, 32.2265625, 145.3125]
[244.3359375, 29.150390625, 32.373046875, 145.3125]
[244.3359375, 29.150390625, 32.2265625, 145.3125]
[244.3359375, 29.150390625, 32.2265625, 145.3125]
[244.3359375, 29.150390625, 32.2265625, 145.3125]
[244.3359375, 29.150390625, 32.2265625, 145.3125]
[244.3359375, 29.150390625, 32.373046875, 145.3125]
[244.3359375, 29.296875, 32.2265625, 145.3125]
[244.3359375, 29.150390625, 32.373046875, 145.3125]
[244.3359375, 29.150390625, 32.2265625, 145.3125]
[244.3359375, 29.150390625, 32.2265625, 145.3125]
[244.3359375, 29.150390625, 32.373046875, 145.3125]
[244.3359375, 29.150390625, 32.2265625, 145.3125]
[244.3359375, 29.150390625, 32.373046875, 145.3125]
[244.3359375, 29.150390625, 32.373046875, 145.3125]
[244.3359375, 29.150390625, 32.373046875, 145.3125]
[244.3359375, 29.150390625, 32.2265625, 145.3125]
[244.3359375, 29.150390625, 32.2265625, 145.3125]
[244.3359375, 29.150390625, 32.373046875, 145.3125]
[243.1640625, 29.150390625, 32.2265625, 145.3125]
[234.9609375, 29.150390625, 32.2265625, 145.3125]
[220.01953125, 29.150390625, 32.2265625, 145.3125]
[206.54296875, 29.150390625, 32.373046875, 145.3125]
[206.54296875, 29.150390625, 32.2265625, 145.3125]
[206.54296875, 29.00390625, 32.2265625, 145.3125]
[200.390625, 29.150390625, 32.373046875, 145.3125]
[183.10546875, 29.150390625, 32.373046875, 145.3125]
[164.0625, 29.150390625, 32.373046875, 145.3125]
[147.94921875, 29.150390625, 32.373046875, 145.3125]
[134.765625, 29.150390625, 32.2265625, 145.3125]
[117.1875, 29.150390625, 32.2265625, 145.3125]
[97.55859375, 29.150390625, 32.373046875, 145.3125]
[75.5859375, 29.150390625, 32.2265625, 145.3125]
[59.765625, 29.150390625, 32.2265625, 145.3125]
[59.47265625, 29.150390625, 32.373046875, 145.3125]
[61.5234375, 29.150390625, 32.2265625, 145.3125]
[62.109375, 29.150390625, 32.2265625, 145.3125]
[62.109375, 29.150390625, 32.2265625, 145.3125]
[62.109375, 29.150390625, 32.373046875, 145.3125]
[62.109375, 29.150390625, 32.373046875, 145.3125]
[62.109375, 29.150390625, 32.2265625, 145.3125]
[62.109375, 29.8828125, 32.373046875, 145.3125]
[61.81640625, 38.0859375, 32.2265625, 145.3125]
[61.81640625, 49.365234375, 32.2265625, 145.3125]
[61.81640625, 61.962890625, 32.2265625, 145.3125]
[61.81640625, 72.65625, 32.373046875, 145.3125]
[61.81640625, 82.177734375, 32.373046875, 145.3125]
[62.109375, 91.11328125, 32.373046875, 145.3125]
[62.40234375, 95.947265625, 32.2265625, 145.3125]
[62.40234375, 97.8515625, 32.2265625, 145.3125]
[62.40234375, 98.291015625, 32.373046875, 145.3125]
[62.109375, 98.583984375, 32.2265625, 145.3125]
[62.40234375, 98.73046875, 32.2265625, 145.3125]
[62.40234375, 98.73046875, 32.2265625, 145.3125]
[62.40234375, 98.73046875, 32.2265625, 145.3125]
[62.40234375, 98.73046875, 32.373046875, 145.3125]
[62.40234375, 98.73046875, 32.2265625, 145.3125]
[62.40234375, 98.73046875, 32.2265625, 145.3125]
[62.40234375, 98.583984375, 32.373046875, 145.3125]
[62.109375, 98.73046875, 32.2265625, 145.3125]
[62.40234375, 98.73046875, 32.373046875, 145.3125]
[62.40234375, 98.73046875, 32.2265625, 145.3125]
[62.40234375, 98.73046875, 32.373046875, 145.3125]
[62.40234375, 98.73046875, 32.2265625, 145.3125]
[62.40234375, 98.73046875, 32.2265625, 145.3125]
[62.40234375, 98.73046875, 32.2265625, 145.3125]
[62.109375, 98.73046875, 32.2265625, 145.3125]
[62.109375, 98.73046875, 32.2265625, 145.3125]
[62.109375, 98.73046875, 32.2265625, 145.3125]
[62.40234375, 98.73046875, 32.2265625, 145.3125]
[62.40234375, 98.73046875, 32.2265625, 145.3125]
[62.40234375, 98.73046875, 32.2265625, 145.3125]
[62.40234375, 98.73046875, 32.2265625, 145.3125]
[62.40234375, 98.73046875, 32.2265625, 145.3125]
[62.109375, 98.73046875, 32.2265625, 145.3125]
[62.40234375, 98.73046875, 32.373046875, 145.3125]
[62.40234375, 98.73046875, 32.2265625, 145.3125]
[62.109375, 98.73046875, 32.2265625, 145.3125]
[62.40234375, 98.73046875, 32.2265625, 145.3125]
[62.109375, 98.73046875, 32.2265625, 145.3125]
[62.40234375, 98.73046875, 32.2265625, 145.3125]
[62.40234375, 98.73046875, 32.373046875, 145.3125]
[62.40234375, 98.73046875, 32.2265625, 145.3125]
[62.40234375, 98.73046875, 32.2265625, 145.3125]
[62.40234375, 99.0234375, 32.2265625, 145.3125]
[62.40234375, 98.73046875, 32.373046875, 145.3125]
[62.40234375, 98.73046875, 32.2265625, 145.3125]
[62.40234375, 98.583984375, 32.373046875, 145.3125]
