32.8125
32.8125
35.595703125
38.0859375
38.0859375
38.0859375
38.0859375
38.0859375
38.0859375
38.0859375
38.0859375
38.0859375
38.0859375
38.0859375
38.0859375
38.0859375
38.0859375
38.0859375
38.0859375
38.0859375
38.0859375
38.0859375
38.0859375
38.0859375
38.0859375
38.0859375
38.0859375
38.0859375
38.0859375
38.0859375
38.0859375
38.0859375
38.0859375
38.0859375
38.0859375
38.0859375
38.0859375
38.0859375
38.0859375
38.0859375
38.0859375
38.0859375
38.0859375
38.0859375
38.0859375
38.818359375
45.556640625
55.810546875
68.84765625
80.2734375
79.833984375
79.6875
79.6875
79.6875
79.6875
79.6875
79.6875
79.6875
79.6875
79.6875
79.6875
79.6875
79.6875
79.6875
79.6875
79.6875
79.6875
79.6875
79.6875
79.6875
79.6875
79.6875
79.6875
79.6875
79.6875
79.6875
79.6875
79.6875
79.6875
79.6875
79.6875
79.6875
79.6875
79.6875
79.6875
79.6875
79.6875