40.72265625,0.0
40.72265625,0.0
40.72265625,0.0
40.72265625,0.0
40.72265625,0.0
40.72265625,0.0
40.72265625,0.0
40.72265625,0.0
40.72265625,0.0
40.72265625,0.0
40.72265625,0.0
40.72265625,0.0
40.72265625,0.0
40.72265625,0.0
40.72265625,0.0
40.72265625,0.0
40.72265625,0.0
40.72265625,0.0
40.72265625,0.0
40.72265625,0.0
40.72265625,0.0
40.72265625,0.0
40.72265625,0.0
40.72265625,0.0
40.72265625,0.0
40.72265625,0.0
40.72265625,0.0
40.72265625,0.0
40.72265625,0.0
40.72265625,0.0
40.72265625,0.0
40.72265625,0.0
40.72265625,0.0
40.72265625,0.0
40.72265625,0.0
40.72265625,0.0
40.72265625,0.0
40.72265625,0.0
40.72265625,0.0
40.72265625,0.0
40.72265625,0.0
40.72265625,0.0
40.72265625,0.0
40.72265625,0.0
40.72265625,0.0
40.72265625,0.0
40.72265625,0.0
40.72265625,0.0
40.72265625,0.0
40.72265625,0.0
40.72265625,0.0
40.72265625,0.0
40.72265625,0.0
40.72265625,0.0
40.72265625,0.0
40.72265625,0.0
40.72265625,0.0
40.81171875,0.5859375
57.440625,109.27734375
77.54765625,109.27734375
95.65078125,96.09375
110.83828125,79.6875
123.00703125,63.28125
132.15703125,46.875
138.28828125,30.46875
141.9796875,17.87109375
144.5109375,12.890625
146.03671875,7.32421875
147.16171875,5.859375
147.97265625,4.1015625
148.63828125,3.515625
149.240625,3.22265625
149.7,2.34375
149.953125,1.171875
150.03515625,0.29296875
150.0890625,0.29296875
150.23203125,0.87890625
150.34921875,0.5859375
150.3234375,-0.29296875
150.26953125,-0.29296875
150.17109375,-0.5859375
150.1078125,-0.29296875
150.05390625,-0.29296875
150.0,-0.29296875
149.94609375,-0.29296875
149.8921875,-0.29296875
149.83828125,-0.29296875
149.784375,-0.29296875
149.73046875,-0.29296875
149.6765625,-0.29296875
149.62265625,-0.29296875
149.56875,-0.29296875
149.51484375,-0.29296875
149.4609375,-0.29296875
149.40703125,-0.29296875
149.353125,-0.29296875
149.29921875,-0.29296875
149.2453125,-0.29296875
149.19140625,-0.29296875
149.1375,-0.29296875
149.08359375,-0.29296875
149.0296875,-0.29296875
148.97578125,-0.29296875
148.921875,-0.29296875
148.86796875,-0.29296875
148.8140625,-0.29296875
148.76015625,-0.29296875
148.70625,-0.29296875
148.65234375,-0.29296875
148.5984375,-0.29296875
148.54453125,-0.29296875
148.490625,-0.29296875
148.43671875,-0.29296875
148.3828125,-0.29296875
148.32890625,-0.29296875
148.275,-0.29296875
148.22109375,-0.29296875
148.1671875,-0.29296875
148.11328125,-0.29296875
148.059375,-0.29296875
148.00546875,-0.29296875
