1.09672546387e-05,(199.8046875, 0.0)
0.0101609230042,(199.8046875, 0.0)
0.0202949047089,(199.8046875, 0.0)
0.0304229259491,(199.8046875, 0.0)
0.0405459403992,(199.8046875, 0.0)
0.0506689548492,(199.8046875, 0.0)
0.0607869625092,(199.8046875, 0.0)
0.0711419582367,(199.8046875, 0.0)
0.0812559127808,(199.8046875, 0.0)
0.0913379192352,(199.8046875, 0.0)
0.101452827454,(199.8046875, 0.0)
0.111565828323,(199.8046875, 0.0)
0.121677875519,(199.8046875, 0.0)
0.131791830063,(199.8046875, 0.0)
0.143580913544,(199.8046875, 0.0)
0.153671979904,(199.8046875, 0.0)
0.163792848587,(199.8046875, 0.0)
0.173933029175,(199.8046875, 0.0)
0.184062957764,(199.8046875, 0.0)
0.194182872772,(199.8046875, 0.0)
0.204293966293,(199.8046875, 0.0)
0.214406013489,(199.8046875, 0.0)
0.224517822266,(199.8046875, 0.0)
0.234630823135,(199.8046875, 0.0)
0.244742870331,(199.8046875, 0.0)
0.254855871201,(199.8046875, 0.0)
0.264994859695,(199.8046875, 0.0)
0.275110960007,(199.8046875, 0.0)
0.285225868225,(199.8046875, 0.0)
0.295337915421,(199.8046875, 0.0)
0.305451869965,(199.8046875, 0.0)
0.315567016602,(199.8046875, 0.0)
0.325675010681,(199.8046875, 0.0)
0.335791826248,(199.8046875, 0.0)
0.345927000046,(199.8046875, 0.0)
0.35606098175,(199.8046875, 0.0)
0.366178035736,(199.8046875, 0.0)
0.376315832138,(212.109375, 0.0)
0.386492967606,(212.109375, 0.0)
0.396664857864,(212.109375, 69.536656904)
0.406965017319,(212.109375, 69.536656904)
0.417078971863,(212.109375, 69.536656904)
0.427193880081,(212.109375, 69.536656904)
0.437307834625,(212.109375, 69.536656904)
0.447420835495,(212.109375, 69.536656904)
0.457535028458,(212.109375, 69.536656904)
0.467648983002,(212.109375, 69.536656904)
0.477789878845,(212.109375, 69.536656904)
0.48792886734,(212.109375, 69.536656904)
0.498062849045,(212.109375, 69.536656904)
0.50817489624,(212.109375, 69.536656904)
0.518290042877,(212.109375, 69.536656904)
0.528402805328,(212.109375, 69.536656904)
0.53851890564,(212.109375, 69.536656904)
0.548632860184,(212.109375, 69.536656904)
0.558746814728,(212.109375, 69.536656904)
0.568883895874,(212.109375, 69.536656904)
0.579017877579,(212.109375, 69.536656904)
0.589130878448,(212.109375, 69.536656904)
0.599221944809,(228.515625, 69.536656904)
0.609319925308,(228.515625, 69.536656904)
0.619392871857,(228.515625, 77.56011731599999)
0.629520893097,(228.515625, 77.56011731599999)
0.639639854431,(228.515625, 77.56011731599999)
0.649755001068,(228.515625, 77.56011731599999)
0.659869909286,(228.515625, 77.56011731599999)
0.669983863831,(228.515625, 77.56011731599999)
0.680097818375,(228.515625, 77.56011731599999)
0.690212011337,(228.515625, 77.56011731599999)
0.700325965881,(228.515625, 77.56011731599999)
0.710422039032,(228.515625, 77.56011731599999)
0.720535039902,(228.515625, 77.56011731599999)
0.730648994446,(228.515625, 77.56011731599999)
0.740765810013,(228.515625, 77.56011731599999)
0.750903844833,(228.515625, 77.56011731599999)
0.761020898819,(228.515625, 77.56011731599999)
0.771134853363,(228.515625, 77.56011731599999)
0.781248807907,(228.515625, 77.56011731599999)
0.791386842728,(228.515625, 77.56011731599999)
0.801520824432,(228.515625, 77.56011731599999)
0.811599969864,(228.515625, 77.56011731599999)
0.821717023849,(228.515625, 77.56011731599999)
0.831830978394,(245.5078125, 77.56011731599999)
0.841948032379,(245.5078125, 77.56011731599999)
0.852070808411,(245.5078125, 77.56011731599999)
0.862188816071,(245.5078125, 77.56011731599999)
0.872328042984,(245.5078125, 77.56011731599999)
0.882464885712,(245.5078125, 77.56011731599999)
0.892577886581,(245.5078125, 77.56011731599999)
0.90271282196,(245.5078125, 77.56011731599999)
0.91282582283,(245.5078125, 77.56011731599999)
0.9229388237,(245.5078125, 77.56011731599999)
0.933053016663,(245.5078125, 77.56011731599999)
0.943166971207,(245.5078125, 77.56011731599999)
0.95330286026,(245.5078125, 77.56011731599999)
0.963438034058,(245.5078125, 77.56011731599999)
0.97357583046,(245.5078125, 77.56011731599999)
0.98371386528,(245.5078125, 77.56011731599999)
0.993849039078,(245.5078125, 77.56011731599999)
1.00398492813,(245.5078125, 77.56011731599999)
1.01415491104,(245.5078125, 77.56011731599999)
1.02436184883,(245.5078125, 77.56011731599999)
1.03955602646,(245.5078125, 77.56011731599999)
1.04967904091,(261.62109375, 77.56011731599999)
1.05980992317,(261.62109375, 77.56011731599999)
1.06997084618,(261.62109375, 74.88563051199999)
1.08012986183,(261.62109375, 74.88563051199999)
1.09025382996,(261.62109375, 74.88563051199999)
1.10036897659,(261.62109375, 74.88563051199999)
1.11063694954,(261.62109375, 74.88563051199999)
1.12075185776,(261.62109375, 74.88563051199999)
1.1308889389,(261.62109375, 74.88563051199999)
1.14102292061,(261.62109375, 74.88563051199999)
1.15116000175,(261.62109375, 74.88563051199999)
1.16129803658,(261.62109375, 74.88563051199999)
1.17143297195,(261.62109375, 74.88563051199999)
1.1815469265,(261.62109375, 74.88563051199999)
1.19165992737,(261.62109375, 74.88563051199999)
1.20177388191,(261.62109375, 74.88563051199999)
1.21188902855,(261.62109375, 74.88563051199999)
1.22200083733,(261.62109375, 74.88563051199999)
1.23217892647,(261.62109375, 74.88563051199999)
1.24234700203,(261.62109375, 74.88563051199999)
1.25248503685,(261.62109375, 74.88563051199999)
1.26260590553,(261.62109375, 74.88563051199999)
1.27272796631,(277.44140625, 74.88563051199999)
1.28287792206,(277.44140625, 74.88563051199999)
1.29304599762,(277.44140625, 72.211143708)
1.3031899929,(277.44140625, 72.211143708)
1.31330680847,(277.44140625, 72.211143708)
1.32344102859,(277.44140625, 72.211143708)
1.33355402946,(277.44140625, 72.211143708)
1.34366703033,(277.44140625, 72.211143708)
1.35378098488,(277.44140625, 72.211143708)
1.36389493942,(277.44140625, 72.211143708)
1.37403297424,(277.44140625, 72.211143708)
1.38417100906,(277.44140625, 72.211143708)
1.39430499077,(277.44140625, 72.211143708)
1.40444087982,(277.44140625, 72.211143708)
1.41454482079,(277.44140625, 72.211143708)
1.42467904091,(277.44140625, 72.211143708)
1.43479084969,(277.44140625, 72.211143708)
1.44490194321,(277.44140625, 72.211143708)
1.45503687859,(277.44140625, 72.211143708)
1.46515583992,(277.44140625, 72.211143708)
1.47527194023,(277.44140625, 72.211143708)
1.48538684845,(277.44140625, 72.211143708)
1.49550104141,(290.33203125, 72.211143708)
1.5057079792,(290.33203125, 72.211143708)
1.51588892937,(290.33203125, 74.88563051199999)
1.52601099014,(290.33203125, 74.88563051199999)
1.53613495827,(290.33203125, 74.88563051199999)
1.54625201225,(290.33203125, 74.88563051199999)
1.55636692047,(290.33203125, 74.88563051199999)
1.56648087502,(290.33203125, 74.88563051199999)
1.57661890984,(290.33203125, 74.88563051199999)
1.58675289154,(290.33203125, 74.88563051199999)
1.59688901901,(290.33203125, 74.88563051199999)
1.60700201988,(290.33203125, 74.88563051199999)
1.61711597443,(290.33203125, 74.88563051199999)
1.62722182274,(290.33203125, 74.88563051199999)
1.63733482361,(290.33203125, 74.88563051199999)
1.64741683006,(290.33203125, 74.88563051199999)
1.6575319767,(290.33203125, 74.88563051199999)
1.66764593124,(290.33203125, 74.88563051199999)
1.67775988579,(290.33203125, 74.88563051199999)
1.68786787987,(290.33203125, 74.88563051199999)
1.69798183441,(290.33203125, 74.88563051199999)
1.70811986923,(290.33203125, 74.88563051199999)
1.71823883057,(289.453125, 74.88563051199999)
1.72835898399,(289.453125, 74.88563051199999)
1.73853588104,(289.453125, 0.0)
1.74869704247,(289.453125, 0.0)
1.75881099701,(289.453125, 0.0)
1.76892781258,(289.453125, 0.0)
1.77904081345,(289.453125, 0.0)
1.78915286064,(289.453125, 0.0)
1.79925489426,(289.453125, 0.0)
1.80938887596,(289.453125, 0.0)
1.81952595711,(289.453125, 0.0)
1.82965898514,(289.453125, 0.0)
1.83976483345,(289.453125, 0.0)
1.84988284111,(289.453125, 0.0)
1.86000084877,(289.453125, 0.0)
1.87011289597,(289.453125, 0.0)
1.88021302223,(289.453125, 0.0)
1.89030385017,(289.453125, 0.0)
1.90039396286,(289.453125, 0.0)
1.91046881676,(289.453125, 0.0)
1.92055583,(289.453125, 0.0)
1.93066191673,(289.453125, 0.0)
1.94078183174,(289.453125, 0.0)
1.95089483261,(289.16015625, 0.0)
1.9610118866,(289.16015625, 2.674486804)
1.97118592262,(289.16015625, 2.674486804)
1.98133802414,(289.16015625, 2.674486804)
1.99147796631,(289.16015625, 2.674486804)
2.00159192085,(289.16015625, 2.674486804)
2.01170492172,(289.16015625, 2.674486804)
2.02181696892,(289.16015625, 2.674486804)
2.03192996979,(289.16015625, 2.674486804)
2.04202699661,(289.16015625, 2.674486804)
2.05212903023,(289.16015625, 2.674486804)
2.06224584579,(289.16015625, 2.674486804)
2.07236003876,(289.16015625, 2.674486804)
2.08247303963,(289.16015625, 2.674486804)
2.09258699417,(289.16015625, 2.674486804)
2.10269999504,(289.16015625, 2.674486804)
2.11281490326,(289.16015625, 2.674486804)
2.12295198441,(289.16015625, 2.674486804)
2.1330640316,(289.16015625, 2.674486804)
2.14319801331,(289.16015625, 2.674486804)
2.15331196785,(289.16015625, 2.674486804)
2.16342687607,(289.16015625, 2.674486804)
2.17358493805,(289.453125, 2.674486804)
2.18375086784,(289.453125, -2.674486804)
2.19391393661,(289.453125, -2.674486804)
2.20404696465,(289.453125, -2.674486804)
2.21414399147,(289.453125, -2.674486804)
2.22425794601,(289.453125, -2.674486804)
2.23439598083,(289.453125, -2.674486804)
2.24452495575,(289.453125, -2.674486804)
2.25463581085,(289.453125, -2.674486804)
2.26474881172,(289.453125, -2.674486804)
2.27486300468,(289.453125, -2.674486804)
2.28497481346,(289.453125, -2.674486804)
2.29508781433,(289.453125, -2.674486804)
2.30519986153,(289.453125, -2.674486804)
2.31533789635,(289.453125, -2.674486804)
2.32545304298,(289.453125, -2.674486804)
2.33558392525,(289.453125, -2.674486804)
2.34570598602,(289.453125, -2.674486804)
2.35584783554,(289.453125, -2.674486804)
2.3659889698,(289.453125, -2.674486804)
2.37612700462,(289.453125, -2.674486804)
2.3862388134,(289.453125, -2.674486804)
2.39639782906,(289.453125, -2.674486804)
2.40654492378,(289.453125, 0.0)
2.41666984558,(289.453125, 0.0)
2.42678689957,(289.453125, 0.0)
2.43690490723,(289.453125, 0.0)
2.4470179081,(289.453125, 0.0)
2.45712780952,(289.453125, 0.0)
2.46724891663,(289.453125, 0.0)
2.47736787796,(289.453125, 0.0)
2.48748087883,(289.453125, 0.0)
2.49759292603,(289.453125, 0.0)
2.5077059269,(289.453125, 0.0)
2.51782298088,(289.453125, 0.0)
2.52794098854,(289.453125, 0.0)
2.53805398941,(289.453125, 0.0)
2.54816603661,(289.453125, 0.0)
2.55827903748,(289.453125, 0.0)
2.56838989258,(289.453125, 0.0)
2.57850193977,(289.453125, 0.0)
2.58861494064,(289.453125, 0.0)
2.5997838974,(289.453125, 0.0)
2.60987091064,(289.453125, 0.0)
2.6199889183,(289.453125, 0.0)
2.63007283211,(289.453125, 0.0)
2.64018797874,(289.453125, 0.0)
2.65036988258,(289.453125, 0.0)
2.66052484512,(289.453125, 0.0)
2.67063593864,(289.453125, 0.0)
2.68075084686,(289.453125, 0.0)
2.69086384773,(289.453125, 0.0)
2.70097589493,(289.453125, 0.0)
2.71155285835,(289.453125, 0.0)
2.72168302536,(289.453125, 0.0)
2.73181080818,(289.453125, 0.0)
2.74206781387,(289.453125, 0.0)
2.75219702721,(289.453125, 0.0)
2.76232600212,(289.453125, 0.0)
2.77245283127,(289.453125, 0.0)
2.78257989883,(289.453125, 0.0)
2.79270792007,(289.453125, 0.0)
2.80283594131,(289.453125, 0.0)
2.81296491623,(289.453125, 0.0)
2.82393288612,(289.453125, 0.0)
2.83405780792,(289.453125, 0.0)
2.8442299366,(289.453125, 0.0)
2.85438585281,(289.453125, 0.0)
2.8645260334,(289.453125, 0.0)
2.87464499474,(289.453125, 0.0)
2.88475990295,(289.453125, 0.0)
2.8948738575,(289.453125, 0.0)
2.90498685837,(289.453125, 0.0)
2.91509985924,(289.453125, 0.0)
2.92521190643,(289.453125, 0.0)
2.93531084061,(289.453125, 0.0)
2.94540190697,(289.453125, 0.0)
2.95549583435,(289.453125, 0.0)
2.96580791473,(289.453125, 0.0)
2.97589993477,(289.453125, 0.0)
2.98599481583,(289.453125, 0.0)
2.99608588219,(289.453125, 0.0)
3.00617980957,(289.453125, 0.0)
3.01629185677,(289.453125, 0.0)
3.02640485764,(289.453125, 0.0)
3.03651881218,(289.453125, 0.0)
3.04752898216,(289.453125, 0.0)
3.05764484406,(289.453125, 0.0)
3.06776785851,(289.453125, 0.0)
3.07788896561,(289.453125, 0.0)
3.0880689621,(289.453125, 0.0)
3.09823703766,(289.453125, 0.0)
3.10836291313,(289.453125, 0.0)
3.11848187447,(289.453125, 0.0)
3.12860798836,(289.453125, 0.0)
3.13886880875,(289.453125, 0.0)
3.14911985397,(289.453125, 0.0)
3.15923500061,(289.453125, 0.0)
3.16935801506,(289.453125, 0.0)
3.17946100235,(289.453125, 0.0)
3.19158291817,(289.453125, 0.0)
3.20171499252,(289.453125, 0.0)
3.21184492111,(289.453125, 0.0)
3.22222590446,(289.453125, 0.0)
3.23244380951,(289.453125, 0.0)
3.24257087708,(289.453125, 0.0)
3.25267982483,(289.453125, 0.0)
3.2628068924,(289.453125, 0.0)
3.27292585373,(289.453125, 0.0)
3.28303599358,(289.453125, 0.0)
3.29316687584,(289.453125, 0.0)
3.30334186554,(289.453125, 0.0)
3.31354403496,(289.453125, 0.0)
3.32366299629,(289.453125, 0.0)
3.33374500275,(289.453125, 0.0)
3.34385895729,(289.453125, 0.0)
3.35397100449,(289.453125, 0.0)
3.36408400536,(289.453125, 0.0)
3.37419700623,(289.453125, 0.0)
3.3843100071,(289.453125, 0.0)
3.39442300797,(289.453125, 0.0)
3.40453481674,(289.453125, 0.0)
3.41464781761,(289.453125, 0.0)
3.42478084564,(289.453125, 0.0)
3.43491697311,(289.453125, 0.0)
3.44505000114,(289.453125, 0.0)
3.45518684387,(289.453125, 0.0)
3.46532201767,(289.453125, 0.0)
3.47540783882,(289.453125, 0.0)
3.48551893234,(289.453125, 0.0)
3.49956989288,(289.453125, 0.0)
3.50965285301,(289.453125, 0.0)
3.51976895332,(289.453125, 0.0)
3.52988481522,(289.453125, 0.0)
3.54000091553,(289.453125, 0.0)
3.55015802383,(289.453125, 0.0)
3.560297966,(289.453125, 0.0)
3.5704100132,(289.453125, 0.0)
3.58052301407,(289.453125, 0.0)
3.59063482285,(289.453125, 0.0)
3.60074687004,(289.453125, 0.0)
3.6108648777,(289.453125, 0.0)
3.6209769249,(289.453125, 0.0)
3.63108992577,(289.453125, 0.0)
3.64120197296,(289.453125, 0.0)
3.65131282806,(289.453125, 0.0)
3.66144800186,(289.453125, 0.0)
3.67158484459,(289.453125, 0.0)
3.68169689178,(289.453125, 0.0)
3.69180297852,(289.453125, 0.0)
3.7018840313,(289.453125, 0.0)
3.71199703217,(289.453125, 0.0)
3.72210884094,(289.453125, 0.0)
3.73222398758,(289.453125, 0.0)
3.74234104156,(289.453125, 0.0)
3.75245690346,(289.453125, 0.0)
3.76257681847,(289.453125, 0.0)
3.77269792557,(289.453125, 0.0)
3.78282594681,(289.453125, 0.0)
3.79293894768,(289.453125, 0.0)
3.80305099487,(289.453125, 0.0)
3.81328892708,(289.453125, 0.0)
3.82340288162,(289.453125, 0.0)
3.8335018158,(289.453125, 0.0)
3.84359288216,(289.453125, 0.0)
3.85368299484,(289.453125, 0.0)
3.86379599571,(289.453125, 0.0)
3.87390995026,(289.453125, 0.0)
3.88402295113,(289.453125, 0.0)
3.89413499832,(289.453125, 0.0)
3.90422081947,(289.453125, 0.0)
3.91433787346,(289.453125, 0.0)
3.92445397377,(289.453125, 0.0)
3.93456697464,(289.453125, 0.0)
3.94467997551,(289.453125, 0.0)
3.95479297638,(289.453125, 0.0)
3.96490693092,(289.453125, 0.0)
3.975014925,(289.453125, 0.0)
3.98512983322,(289.453125, 0.0)
3.99524497986,(289.453125, 0.0)
4.00532793999,(289.453125, 0.0)
4.01544189453,(289.453125, 0.0)
4.0255548954,(289.453125, 0.0)
4.03566789627,(289.453125, 0.0)
4.04577994347,(289.453125, 0.0)
4.05589294434,(289.453125, 0.0)
4.06600499153,(289.453125, 0.0)
4.0761179924,(289.453125, 0.0)
4.0862288475,(289.453125, 0.0)
4.09633994102,(289.453125, 0.0)
4.10645103455,(289.453125, 0.0)
4.11656284332,(289.453125, 0.0)
4.12668800354,(289.453125, 0.0)
4.13679981232,(289.453125, 0.0)
4.14691281319,(289.453125, 0.0)
4.15702700615,(289.453125, 0.0)
4.16756081581,(289.453125, 0.0)
4.17767190933,(289.453125, 0.0)
4.18778896332,(289.453125, 0.0)
4.19790792465,(289.453125, 0.0)
4.20802998543,(289.453125, 0.0)
4.21814990044,(289.453125, 0.0)
4.22826480865,(289.453125, 0.0)
4.23838090897,(289.453125, 0.0)
4.24849390984,(289.453125, 0.0)
4.25860691071,(289.453125, 0.0)
4.2687189579,(289.453125, 0.0)
4.27956295013,(289.453125, 0.0)
4.28968191147,(289.453125, 0.0)
4.29984784126,(289.453125, 0.0)
4.31003093719,(289.453125, 0.0)
4.32014799118,(289.453125, 0.0)
4.33026003838,(289.453125, 0.0)
4.34037303925,(289.453125, 0.0)
4.35048604012,(289.453125, 0.0)
4.36059784889,(289.453125, 0.0)
4.37071084976,(289.453125, 0.0)
4.38082289696,(289.453125, 0.0)
4.39170789719,(289.453125, 0.0)
4.4018099308,(289.453125, 0.0)
4.41191697121,(289.453125, 0.0)
4.42209982872,(289.453125, 0.0)
4.43226289749,(289.453125, 0.0)
4.44237685204,(289.453125, 0.0)
4.45248985291,(289.453125, 0.0)
4.46260380745,(289.453125, 0.0)
4.47271800041,(289.453125, 0.0)
4.48286700249,(289.453125, 0.0)
4.49302387238,(289.453125, 0.0)
4.50314688683,(289.453125, 0.0)
4.51325798035,(289.453125, 0.0)
4.52337384224,(289.453125, 0.0)
4.53347802162,(289.453125, 0.0)
4.5435898304,(289.453125, 0.0)
4.5536699295,(289.453125, 0.0)
4.5637819767,(289.453125, 0.0)
4.57388782501,(289.453125, 0.0)
4.58399987221,(289.453125, 0.0)
4.5941119194,(289.453125, 0.0)
4.6042239666,(289.453125, 0.0)
4.61581683159,(289.453125, 0.0)
4.62589883804,(289.453125, 0.0)
4.63600492477,(289.453125, 0.0)
4.64611983299,(289.453125, 0.0)
4.65624189377,(289.453125, 0.0)
4.66634202003,(289.453125, 0.0)
4.67645788193,(289.453125, 0.0)
4.68657302856,(289.453125, 0.0)
4.69668602943,(289.453125, 0.0)
4.7068169117,(289.453125, 0.0)
4.7169380188,(289.453125, 0.0)
4.72705483437,(289.453125, 0.0)
4.73716783524,(289.453125, 0.0)
4.74728083611,(289.453125, 0.0)
4.7573928833,(289.453125, 0.0)
4.76750588417,(289.453125, 0.0)
4.77761983871,(289.453125, 0.0)
4.78773498535,(289.453125, 0.0)
4.79784798622,(289.453125, 0.0)
4.80792689323,(289.453125, 0.0)
4.8180398941,(289.453125, 0.0)
4.8281519413,(289.453125, 0.0)
4.83979582787,(289.453125, 0.0)
4.8498840332,(289.453125, 0.0)
4.86000299454,(289.453125, 0.0)
4.87015986443,(289.453125, 0.0)
4.88029289246,(289.453125, 0.0)
4.89040803909,(289.453125, 0.0)
4.90049982071,(289.453125, 0.0)
4.9106118679,(289.453125, 0.0)
4.92072200775,(289.453125, 0.0)
4.93083286285,(289.453125, 0.0)
4.94096684456,(289.453125, 0.0)
4.9511039257,(289.453125, 0.0)
4.96123695374,(289.453125, 0.0)
4.97137284279,(289.453125, 0.0)
4.9814889431,(289.453125, 0.0)
4.99159383774,(289.453125, 0.0)
5.00169801712,(289.453125, 0.0)
5.01183080673,(289.453125, 0.0)
5.02196502686,(289.453125, 0.0)
5.03209900856,(289.453125, 0.0)
5.04223203659,(289.453125, 0.0)
5.05236887932,(289.453125, 0.0)
5.06351590157,(289.453125, 0.0)
5.07363581657,(289.453125, 0.0)
5.08375597,(289.453125, 0.0)
5.09387493134,(289.453125, 0.0)
5.10399389267,(289.453125, 0.0)
5.11410999298,(289.453125, 0.0)
5.12422084808,(289.453125, 0.0)
5.1343319416,(289.453125, 0.0)
5.14446783066,(289.453125, 0.0)
5.15460085869,(289.453125, 0.0)
5.16473889351,(289.453125, 0.0)
5.17487502098,(289.453125, 0.0)
5.18498802185,(289.453125, 0.0)
5.19510102272,(289.453125, 0.0)
5.2052128315,(289.453125, 0.0)
5.21532797813,(289.453125, 0.0)
5.22546195984,(289.453125, 0.0)
5.23559498787,(289.453125, 0.0)
5.24572992325,(289.453125, 0.0)
5.25586700439,(289.453125, 0.0)
5.26600003242,(289.453125, 0.0)
5.27613401413,(289.453125, 0.0)
5.28759503365,(289.453125, 0.0)
5.29770493507,(289.453125, 0.0)
5.30782604218,(289.453125, 0.0)
5.31794691086,(289.453125, 0.0)
5.32806682587,(289.453125, 0.0)
5.33819198608,(289.453125, 0.0)
5.348279953,(289.453125, 0.0)
5.35839986801,(289.453125, 0.0)
5.36851286888,(289.453125, 0.0)
5.37862491608,(289.453125, 0.0)
5.38876104355,(289.453125, 0.0)
5.3988969326,(289.453125, 0.0)
5.40903091431,(289.453125, 0.0)
5.41916704178,(289.453125, 0.0)
5.42930388451,(289.453125, 0.0)
5.43943786621,(289.453125, 0.0)
5.44957399368,(289.453125, 0.0)
5.45970582962,(289.453125, 0.0)
5.46984195709,(289.453125, 0.0)
5.4799759388,(289.453125, 0.0)
5.49010896683,(289.453125, 0.0)
5.50022101402,(289.453125, 0.0)
5.51159596443,(289.453125, 0.0)
5.5216999054,(289.453125, 0.0)
5.53181481361,(289.453125, 0.0)
5.5419049263,(289.453125, 0.0)
5.55202293396,(289.453125, 0.0)
5.56213903427,(289.453125, 0.0)
5.57226896286,(289.453125, 0.0)
5.58238792419,(289.453125, 0.0)
5.59250593185,(289.453125, 0.0)
5.60259699821,(289.453125, 0.0)
5.61272001266,(289.453125, 0.0)
5.62352395058,(289.453125, 0.0)
5.63385796547,(289.453125, 0.0)
5.64408302307,(289.453125, 0.0)
5.65435886383,(289.453125, 0.0)
5.66456604004,(289.453125, 0.0)
5.67470192909,(289.453125, 0.0)
5.68481898308,(289.453125, 0.0)
5.69497084618,(289.453125, 0.0)
5.70522093773,(289.453125, 0.0)
5.71539998055,(289.453125, 0.0)
5.72552585602,(289.453125, 0.0)
5.7395029068,(289.453125, 0.0)
5.74959993362,(289.453125, 0.0)
5.75972890854,(289.453125, 0.0)
5.76984095573,(289.453125, 0.0)
5.7799680233,(289.453125, 0.0)
5.79011082649,(289.453125, 0.0)
5.80028796196,(289.453125, 0.0)
5.8104839325,(289.453125, 0.0)
5.8206679821,(289.453125, 0.0)
5.83083200455,(289.453125, 0.0)
5.84094595909,(289.453125, 0.0)
5.85104489326,(289.453125, 0.0)
5.86115884781,(289.453125, 0.0)
5.87138295174,(289.453125, 0.0)
5.88153982162,(289.453125, 0.0)
5.89165997505,(289.453125, 0.0)
5.90178585052,(289.453125, 0.0)
5.91190695763,(289.453125, 0.0)
5.92202687263,(289.453125, 0.0)
5.93214392662,(289.453125, 0.0)
5.9422519207,(289.453125, 0.0)
5.95236492157,(289.453125, 0.0)
5.9635848999,(289.453125, 0.0)
5.97369790077,(289.453125, 0.0)
5.98381185532,(289.453125, 0.0)
5.99392986298,(289.453125, 0.0)
6.00405883789,(289.453125, 0.0)
6.01417803764,(289.453125, 0.0)
6.02428984642,(289.453125, 0.0)
6.03440093994,(289.453125, 0.0)
6.04451394081,(289.453125, 0.0)
6.05462503433,(289.453125, 0.0)
6.06473684311,(289.453125, 0.0)
6.07487297058,(289.453125, 0.0)
6.0849878788,(289.453125, 0.0)
6.09513282776,(289.453125, 0.0)
6.10524582863,(289.453125, 0.0)
6.11536884308,(289.453125, 0.0)
6.12544703484,(289.453125, 0.0)
6.13556003571,(289.453125, 0.0)
6.14568281174,(289.453125, 0.0)
6.15579581261,(289.453125, 0.0)
6.1659078598,(289.453125, 0.0)
6.17602086067,(289.453125, 0.0)
6.18613195419,(289.453125, 0.0)
6.19627404213,(289.453125, 0.0)
6.20638990402,(289.453125, 0.0)
6.21650695801,(289.453125, 0.0)
6.22662687302,(289.453125, 0.0)
6.23673892021,(289.453125, 0.0)
6.24685382843,(289.453125, 0.0)
6.25696587563,(289.453125, 0.0)
6.26707983017,(289.453125, 0.0)
6.27719688416,(289.453125, 0.0)
6.28730988503,(289.453125, 0.0)
6.29742097855,(289.453125, 0.0)
6.30753302574,(289.453125, 0.0)
6.31764483452,(289.453125, 0.0)
6.32775688171,(289.453125, 0.0)
6.33786892891,(289.453125, 0.0)
6.34796094894,(289.453125, 0.0)
6.35807585716,(289.453125, 0.0)
6.36818885803,(289.453125, 0.0)
6.3783018589,(289.453125, 0.0)
6.38839483261,(289.453125, 0.0)
6.39853000641,(289.453125, 0.0)
6.40864181519,(289.453125, 0.0)
6.41875290871,(289.453125, 0.0)
6.42886900902,(289.453125, 0.0)
6.43957686424,(289.453125, 0.0)
6.4496679306,(289.453125, 0.0)
6.45978689194,(289.453125, 0.0)
6.46990084648,(289.453125, 0.0)
6.48001384735,(289.453125, 0.0)
6.49014997482,(289.453125, 0.0)
6.50022983551,(289.453125, 0.0)
6.51034402847,(289.453125, 0.0)
6.52045488358,(289.453125, 0.0)
6.53056788445,(289.453125, 0.0)
6.54068088531,(289.453125, 0.0)
6.55077981949,(289.453125, 0.0)
6.56088685989,(289.453125, 0.0)
6.57098197937,(289.453125, 0.0)
6.58109498024,(289.453125, 0.0)
6.59120702744,(289.453125, 0.0)
6.60131287575,(289.453125, 0.0)
6.61142683029,(289.453125, 0.0)
6.62153887749,(289.453125, 0.0)
6.63555693626,(289.453125, 0.0)
6.64758300781,(289.453125, 0.0)
6.65777397156,(289.453125, 0.0)
6.6679418087,(289.453125, 0.0)
6.67805886269,(289.453125, 0.0)
6.688174963,(289.453125, 0.0)
6.69828891754,(289.453125, 0.0)
6.70839285851,(289.453125, 0.0)
6.71850585938,(289.453125, 0.0)
6.72860503197,(289.453125, 0.0)
6.73869490623,(289.453125, 0.0)
6.74878501892,(289.453125, 0.0)
6.75890183449,(289.453125, 0.0)
6.76902389526,(289.453125, 0.0)
6.77913594246,(289.453125, 0.0)
6.78924703598,(289.453125, 0.0)
6.79936790466,(289.453125, 0.0)
6.80947995186,(289.453125, 0.0)
6.81959486008,(289.453125, 0.0)
6.82970881462,(289.453125, 0.0)
6.83982181549,(289.453125, 0.0)
6.84993481636,(289.453125, 0.0)
6.86004781723,(289.453125, 0.0)
6.87015795708,(289.453125, 0.0)
6.8802728653,(289.453125, 0.0)
6.89039182663,(289.453125, 0.0)
6.9005818367,(289.453125, 0.0)
6.91076302528,(289.453125, 0.0)
6.92098784447,(289.453125, 0.0)
6.93114995956,(289.453125, 0.0)
6.94125390053,(289.453125, 0.0)
6.95151782036,(289.453125, 0.0)
6.96162986755,(289.453125, 0.0)
6.97188997269,(289.453125, 0.0)
6.98209786415,(289.453125, 0.0)
6.99222302437,(289.453125, 0.0)
7.00234985352,(289.453125, 0.0)
7.01553702354,(289.453125, 0.0)
7.02566981316,(289.453125, 0.0)
7.03580403328,(289.453125, 0.0)
7.04591989517,(289.453125, 0.0)
7.05603790283,(289.453125, 0.0)
7.06616091728,(289.453125, 0.0)
7.08378791809,(289.453125, 0.0)
7.09400081635,(289.453125, 0.0)
7.10423183441,(289.453125, 0.0)
7.11454582214,(289.453125, 0.0)
7.12466192245,(289.453125, 0.0)
7.13477802277,(289.453125, 0.0)
7.14490389824,(289.453125, 0.0)
7.15513896942,(289.453125, 0.0)
7.1653239727,(289.453125, 0.0)
7.17541694641,(289.453125, 0.0)
7.18554282188,(289.453125, 0.0)
7.19566392899,(289.453125, 0.0)
7.20582294464,(289.453125, 0.0)
7.21593999863,(289.453125, 0.0)
7.22606301308,(289.453125, 0.0)
7.23618388176,(289.453125, 0.0)
7.2462990284,(289.453125, 0.0)
7.25637888908,(289.453125, 0.0)
7.26649093628,(289.453125, 0.0)
7.27660298347,(289.453125, 0.0)
7.28671383858,(289.453125, 0.0)
7.29681396484,(289.453125, 0.0)
7.30692601204,(289.453125, 0.0)
7.31703591347,(289.453125, 0.0)
7.32715296745,(289.453125, 0.0)
7.33729100227,(289.453125, 0.0)
7.34744286537,(289.453125, 0.0)
7.3575668335,(289.453125, 0.0)
7.36767983437,(289.453125, 0.0)
7.37780284882,(289.453125, 0.0)
7.38791298866,(289.453125, 0.0)
7.39802598953,(289.453125, 0.0)
7.4081389904,(289.453125, 0.0)
7.4182510376,(289.453125, 0.0)
7.42835688591,(289.453125, 0.0)
7.43846893311,(289.453125, 0.0)
7.4485809803,(289.453125, 0.0)
7.4586930275,(289.453125, 0.0)
7.46880483627,(289.453125, 0.0)
7.47891688347,(289.453125, 0.0)
7.48902988434,(289.453125, 0.0)
7.49914598465,(289.453125, 0.0)
7.50926089287,(289.453125, 0.0)
7.51937389374,(289.453125, 0.0)
7.52948594093,(289.453125, 0.0)
7.54358386993,(289.453125, 0.0)
7.55372285843,(289.453125, 0.0)
7.56388401985,(289.453125, 0.0)
7.5739979744,(289.453125, 0.0)
7.58408904076,(289.453125, 0.0)
7.59420681,(289.453125, 0.0)
7.60431885719,(289.453125, 0.0)
7.61443090439,(289.453125, 0.0)
7.62454390526,(289.453125, 0.0)
7.63465690613,(289.453125, 0.0)
7.64477181435,(289.453125, 0.0)
7.65488600731,(289.453125, 0.0)
7.66499900818,(289.453125, 0.0)
7.67510986328,(289.453125, 0.0)
7.6852209568,(289.453125, 0.0)
7.69533395767,(289.453125, 0.0)
7.70544695854,(289.453125, 0.0)
7.71563100815,(289.453125, 0.0)
7.72576594353,(289.453125, 0.0)
7.73590183258,(289.453125, 0.0)
7.74603390694,(289.453125, 0.0)
7.75614690781,(289.453125, 0.0)
7.7662730217,(289.453125, 0.0)
7.77639102936,(289.453125, 0.0)
7.786495924,(289.453125, 0.0)
7.79661798477,(289.453125, 0.0)
7.80673885345,(289.453125, 0.0)
7.81685686111,(289.453125, 0.0)
7.82696986198,(289.453125, 0.0)
7.83708095551,(289.453125, 0.0)
7.8471930027,(289.453125, 0.0)
7.85730481148,(289.453125, 0.0)
7.86742997169,(289.453125, 0.0)
7.87754201889,(289.453125, 0.0)
7.88765501976,(289.453125, 0.0)
7.89779996872,(289.453125, 0.0)
7.9079220295,(289.453125, 0.0)
7.9180328846,(289.453125, 0.0)
7.92814588547,(289.453125, 0.0)
7.93825888634,(289.453125, 0.0)
7.94837093353,(289.453125, 0.0)
7.95848298073,(289.453125, 0.0)
7.96859502792,(289.453125, 0.0)
7.97870993614,(289.453125, 0.0)
7.98882699013,(289.453125, 0.0)
7.99895095825,(289.453125, 0.0)
8.00907182693,(289.453125, 0.0)
8.01922297478,(289.453125, 0.0)
8.02934384346,(289.453125, 0.0)
8.03945589066,(289.453125, 0.0)
8.04956793785,(289.453125, 0.0)
8.0596818924,(289.453125, 0.0)
8.06979298592,(289.453125, 0.0)
8.07990789413,(289.453125, 0.0)
8.090020895,(289.453125, 0.0)
8.10012602806,(289.453125, 0.0)
8.11023783684,(289.453125, 0.0)
8.12035083771,(289.453125, 0.0)
8.13046383858,(289.453125, 0.0)
8.14057683945,(289.453125, 0.0)
8.15068888664,(289.453125, 0.0)
8.16080904007,(289.453125, 0.0)
8.17092084885,(289.453125, 0.0)
8.18103289604,(289.453125, 0.0)
8.19113492966,(289.453125, 0.0)
8.20356082916,(289.453125, 0.0)
8.21367788315,(289.453125, 0.0)
8.22379684448,(289.453125, 0.0)
8.23391699791,(289.453125, 0.0)
8.24403190613,(289.453125, 0.0)
8.25421380997,(289.453125, 0.0)
8.26435685158,(289.453125, 0.0)
8.27446889877,(289.453125, 0.0)
8.28457593918,(289.453125, 0.0)
8.29467797279,(289.453125, 0.0)
8.30491399765,(289.453125, 0.0)
8.31511902809,(289.453125, 0.0)
8.32523393631,(289.453125, 0.0)
8.33537197113,(289.453125, 0.0)
8.34548902512,(289.453125, 0.0)
8.35576891899,(289.453125, 0.0)
8.36590099335,(289.453125, 0.0)
8.37602090836,(289.453125, 0.0)
8.38613295555,(289.453125, 0.0)
8.39625382423,(289.453125, 0.0)
8.40634799004,(289.453125, 0.0)
8.41644287109,(289.453125, 0.0)
8.42749500275,(289.453125, 0.0)
8.43766593933,(289.453125, 0.0)
8.44784402847,(289.453125, 0.0)
8.45796489716,(289.453125, 0.0)
8.46807980537,(289.453125, 0.0)
8.47820401192,(289.453125, 0.0)
8.48837685585,(289.453125, 0.0)
8.49853587151,(289.453125, 0.0)
8.50866389275,(289.453125, 0.0)
8.51879000664,(289.453125, 0.0)
8.5289208889,(289.453125, 0.0)
8.53908491135,(289.453125, 0.0)
8.54920387268,(289.453125, 0.0)
8.55932188034,(289.453125, 0.0)
8.56944203377,(289.453125, 0.0)
8.57955694199,(289.453125, 0.0)
8.58966994286,(289.453125, 0.0)
8.5997838974,(289.453125, 0.0)
8.60990095139,(289.453125, 0.0)
8.62003493309,(289.453125, 0.0)
8.63017201424,(289.453125, 0.0)
8.64030504227,(289.453125, 0.0)
8.65041685104,(289.453125, 0.0)
8.66055297852,(289.453125, 0.0)
8.67065691948,(289.453125, 0.0)
8.6807949543,(289.453125, 0.0)
8.69091486931,(289.453125, 0.0)
8.70105004311,(289.453125, 0.0)
8.71116781235,(289.453125, 0.0)
8.72127985954,(289.453125, 0.0)
8.73139286041,(289.453125, 0.0)
8.74152898788,(289.453125, 0.0)
8.75166082382,(289.453125, 0.0)
8.76177287102,(289.453125, 0.0)
8.77188587189,(289.453125, 0.0)
8.78199791908,(289.453125, 0.0)
8.79211091995,(289.453125, 0.0)
8.80222201347,(289.453125, 0.0)
8.81234097481,(289.453125, 0.0)
8.82248187065,(289.453125, 0.0)
8.83261585236,(289.453125, 0.0)
8.84272885323,(289.453125, 0.0)
8.8528418541,(289.453125, 0.0)
8.86295485497,(289.453125, 0.0)
8.87306690216,(289.453125, 0.0)
8.8831679821,(289.453125, 0.0)
8.89328289032,(289.453125, 0.0)
8.90348696709,(289.453125, 0.0)
8.91370892525,(289.453125, 0.0)
8.92383003235,(289.453125, 0.0)
8.93394589424,(289.453125, 0.0)
8.94405889511,(289.453125, 0.0)
8.95417189598,(289.453125, 0.0)
8.96430802345,(289.453125, 0.0)
8.97444081306,(289.453125, 0.0)
8.98457598686,(289.453125, 0.0)
8.99471187592,(289.453125, 0.0)
9.00484681129,(289.453125, 0.0)
9.01498293877,(289.453125, 0.0)
9.0251159668,(289.453125, 0.0)
9.03525686264,(289.453125, 0.0)
9.0453979969,(289.453125, 0.0)
9.0555138588,(289.453125, 0.0)
9.06563091278,(289.453125, 0.0)
9.075745821,(289.453125, 0.0)
9.08586192131,(289.453125, 0.0)
9.09597086906,(289.453125, 0.0)
9.10607004166,(289.453125, 0.0)
9.11619281769,(289.453125, 0.0)
9.12631297112,(289.453125, 0.0)
9.13640785217,(289.453125, 0.0)
9.14652895927,(289.453125, 0.0)
9.15664792061,(289.453125, 0.0)
9.16676402092,(289.453125, 0.0)
9.17688202858,(289.453125, 0.0)
9.18698692322,(289.453125, 0.0)
9.19710302353,(289.453125, 0.0)
9.20722198486,(289.453125, 0.0)
9.2173409462,(289.453125, 0.0)
9.22743082047,(289.453125, 0.0)
9.23756694794,(289.453125, 0.0)
9.24770188332,(289.453125, 0.0)
9.2578368187,(289.453125, 0.0)
9.26797485352,(289.453125, 0.0)
9.27811098099,(289.453125, 0.0)
9.28822398186,(289.453125, 0.0)
9.29833889008,(289.453125, 0.0)
9.30845284462,(289.453125, 0.0)
9.31946492195,(289.453125, 0.0)
9.32958197594,(289.453125, 0.0)
9.33969902992,(290.0390625, 0.0)
9.34984087944,(290.0390625, 0.0)
9.35996484756,(290.0390625, 0.0)
9.37007904053,(290.0390625, 0.0)
9.38019490242,(290.0390625, 0.0)
9.39030790329,(290.0390625, 0.0)
9.40044188499,(290.0390625, 0.0)
9.41057896614,(290.0390625, 0.0)
9.42068195343,(290.0390625, 0.0)
9.43079900742,(290.0390625, 0.0)
9.44091892242,(290.0390625, 0.0)
9.45102882385,(290.0390625, 0.0)
9.46114397049,(290.0390625, 0.0)
9.47125601768,(290.0390625, 0.0)
9.48136901855,(290.0390625, 0.0)
9.4914689064,(290.0390625, 0.0)
9.50155997276,(290.0390625, 0.0)
9.51163291931,(290.0390625, 0.0)
9.52174496651,(290.0390625, 0.0)
9.53185796738,(290.0390625, 0.0)
9.54353880882,(290.0390625, 0.0)
9.55377793312,(290.0390625, 0.0)
9.56398892403,(289.453125, 0.0)
9.57419681549,(289.453125, 0.0)
9.58432984352,(289.453125, 0.0)
9.59444284439,(289.453125, 0.0)
9.60471391678,(289.453125, 0.0)
9.61491703987,(289.453125, 0.0)
9.62502288818,(289.453125, 0.0)
9.63511681557,(289.453125, 0.0)
9.64525103569,(289.453125, 0.0)
9.65549683571,(289.453125, 0.0)
9.66567993164,(289.453125, 0.0)
9.67580795288,(289.453125, 0.0)
9.68593192101,(289.453125, 0.0)
9.6960580349,(289.453125, 0.0)
9.70615100861,(289.453125, 0.0)
9.71628594398,(289.453125, 0.0)
9.7264289856,(289.453125, 0.0)
9.73654103279,(289.453125, 0.0)
9.74672484398,(289.453125, 0.0)
9.75682091713,(289.453125, 0.0)
9.76760387421,(289.453125, 0.0)
9.77773094177,(289.453125, 0.0)
9.78793287277,(289.453125, 0.0)
9.79811382294,(289.453125, 0.0)
9.80824303627,(289.453125, 0.0)
9.81836795807,(289.453125, 0.0)
9.82845687866,(289.453125, 0.0)
9.83857989311,(289.453125, 0.0)
9.84869885445,(289.453125, 0.0)
9.85877585411,(289.453125, 0.0)
9.86888694763,(289.453125, 0.0)
9.8789999485,(289.453125, 0.0)
9.88911390305,(289.453125, 0.0)
9.89921402931,(289.453125, 0.0)
9.90932583809,(289.453125, 0.0)
9.91942596436,(289.453125, 0.0)
9.92953801155,(289.453125, 0.0)
9.93965196609,(289.453125, 0.0)
9.94975590706,(289.453125, 0.0)
9.95986294746,(289.453125, 0.0)
9.96997594833,(289.453125, 0.0)
9.98008799553,(289.453125, 0.0)
9.99020004272,(289.453125, 0.0)
10.0003190041,(289.453125, 0.0)
10.0104408264,(289.453125, 0.0)
10.0205388069,(289.453125, 0.0)
10.0306818485,(289.453125, 0.0)
10.0407979488,(289.453125, 0.0)
10.0509059429,(289.453125, 0.0)
10.0610189438,(289.453125, 0.0)
10.071133852,(289.453125, 0.0)
10.0812458992,(289.453125, 0.0)
10.0913698673,(289.453125, 0.0)
10.1014819145,(289.453125, 0.0)
10.1115949154,(289.453125, 0.0)
10.1217079163,(289.453125, 0.0)
10.1318209171,(289.453125, 0.0)
10.1419348717,(289.453125, 0.0)
10.1520469189,(289.453125, 0.0)
10.1621599197,(289.453125, 0.0)
10.1722970009,(289.453125, 0.0)
10.1824088097,(289.453125, 0.0)
10.1925218105,(289.453125, 0.0)
10.2026338577,(289.453125, 0.0)
10.2127459049,(289.453125, 0.0)
10.2228360176,(289.453125, 0.0)
10.2329528332,(289.453125, 0.0)
10.2430520058,(289.453125, 0.0)
10.2531509399,(289.453125, 0.0)
10.2632739544,(289.453125, 0.0)
10.2733910084,(289.453125, 0.0)
10.2835068703,(289.453125, 0.0)
10.2936198711,(289.453125, 0.0)
10.3037319183,(289.453125, 0.0)
10.3138449192,(289.453125, 0.0)
10.3239569664,(289.453125, 0.0)
10.3340678215,(289.453125, 0.0)
10.344178915,(289.453125, 0.0)
10.3543138504,(289.453125, 0.0)
10.3644340038,(289.453125, 0.0)
10.3745458126,(289.453125, 0.0)
10.3846588135,(289.453125, 0.0)
10.3947708607,(289.453125, 0.0)
10.4049038887,(289.453125, 0.0)
10.4150369167,(289.453125, 0.0)
10.4251728058,(289.453125, 0.0)
10.4355618954,(289.453125, 0.0)
10.4456989765,(289.453125, 0.0)
10.4558439255,(278.02734375, 0.0)
10.465970993,(278.02734375, 0.0)
10.4760940075,(278.02734375, -72.211143708)
10.4862108231,(278.02734375, -72.211143708)
10.4963269234,(278.02734375, -72.211143708)
10.5064408779,(278.02734375, -72.211143708)
10.5165538788,(278.02734375, -72.211143708)
10.5266678333,(278.02734375, -72.211143708)
10.5367808342,(278.02734375, -72.211143708)
10.5468859673,(278.02734375, -72.211143708)
10.5569999218,(278.02734375, -72.211143708)
10.5671138763,(278.02734375, -72.211143708)
10.5772278309,(278.02734375, -72.211143708)
10.5873420238,(278.02734375, -72.211143708)
10.5974650383,(278.02734375, -72.211143708)
10.6075789928,(278.02734375, -72.211143708)
10.6176929474,(278.02734375, -72.211143708)
10.627810955,(278.02734375, -72.211143708)
10.6379299164,(278.02734375, -72.211143708)
10.6480119228,(278.02734375, -72.211143708)
10.6581149101,(278.02734375, -72.211143708)
10.6682310104,(278.02734375, -72.211143708)
10.678344965,(261.328125, -72.211143708)
10.6885118484,(261.328125, -72.211143708)
10.6986570358,(261.328125, -74.88563051199999)
10.7087650299,(261.328125, -74.88563051199999)
10.7188808918,(261.328125, -74.88563051199999)
10.7289948463,(261.328125, -74.88563051199999)
10.7391090393,(261.328125, -74.88563051199999)
10.7492229939,(261.328125, -74.88563051199999)
10.7593359947,(261.328125, -74.88563051199999)
10.7694499493,(261.328125, -74.88563051199999)
10.7795648575,(261.328125, -74.88563051199999)
10.789678812,(261.328125, -74.88563051199999)
10.7997918129,(261.328125, -74.88563051199999)
10.8099279404,(261.328125, -74.88563051199999)
10.8200659752,(261.328125, -74.88563051199999)
10.8301858902,(261.328125, -74.88563051199999)
10.8403019905,(261.328125, -74.88563051199999)
10.8506588936,(261.328125, -74.88563051199999)
10.8610439301,(261.328125, -74.88563051199999)
10.8711559772,(261.328125, -74.88563051199999)
10.8812839985,(261.328125, -74.88563051199999)
10.8914120197,(261.328125, -74.88563051199999)
10.9015309811,(245.5078125, -74.88563051199999)
10.9116318226,(245.5078125, -74.88563051199999)
10.9217429161,(245.5078125, -72.211143708)
10.9318699837,(245.5078125, -72.211143708)
10.9419968128,(245.5078125, -72.211143708)
10.9521279335,(245.5078125, -72.211143708)
10.9623479843,(245.5078125, -72.211143708)
10.972468853,(245.5078125, -72.211143708)
10.9825899601,(245.5078125, -72.211143708)
10.9927098751,(245.5078125, -72.211143708)
11.0028269291,(245.5078125, -72.211143708)
11.01293993,(245.5078125, -72.211143708)
11.0230519772,(245.5078125, -72.211143708)
11.0331659317,(245.5078125, -72.211143708)
11.0432789326,(245.5078125, -72.211143708)
11.0533909798,(245.5078125, -72.211143708)
11.0634708405,(245.5078125, -72.211143708)
11.0735828876,(245.5078125, -72.211143708)
11.0836958885,(245.5078125, -72.211143708)
11.0938088894,(245.5078125, -72.211143708)
11.1039228439,(245.5078125, -72.211143708)
11.1140370369,(245.5078125, -72.211143708)
11.1241528988,(229.1015625, -72.211143708)
11.1342878342,(229.1015625, -72.211143708)
11.1444120407,(229.1015625, -74.88563051199999)
11.1545288563,(229.1015625, -74.88563051199999)
11.1646440029,(229.1015625, -74.88563051199999)
11.1747579575,(229.1015625, -74.88563051199999)
11.1848728657,(229.1015625, -74.88563051199999)
11.1949899197,(229.1015625, -74.88563051199999)
11.2051029205,(229.1015625, -74.88563051199999)
11.2152168751,(229.1015625, -74.88563051199999)
11.2253308296,(229.1015625, -74.88563051199999)
11.2354469299,(229.1015625, -74.88563051199999)
11.2455618382,(229.1015625, -74.88563051199999)
11.2556769848,(229.1015625, -74.88563051199999)
11.2658069134,(229.1015625, -74.88563051199999)
11.275924921,(229.1015625, -74.88563051199999)
11.2860388756,(229.1015625, -74.88563051199999)
11.2961518764,(229.1015625, -74.88563051199999)
11.3062648773,(229.1015625, -74.88563051199999)
11.3163778782,(229.1015625, -74.88563051199999)
11.3264918327,(229.1015625, -74.88563051199999)
11.336619854,(229.1015625, -74.88563051199999)
11.3467469215,(212.98828125, -74.88563051199999)
11.3568999767,(212.98828125, -74.88563051199999)
11.3670430183,(212.98828125, -74.88563051199999)
11.3771898746,(212.98828125, -74.88563051199999)
11.3873119354,(212.98828125, -74.88563051199999)
11.3974280357,(212.98828125, -74.88563051199999)
11.4075229168,(212.98828125, -74.88563051199999)
11.4176368713,(212.98828125, -74.88563051199999)
11.427738905,(212.98828125, -74.88563051199999)
11.437830925,(212.98828125, -74.88563051199999)
11.447925806,(212.98828125, -74.88563051199999)
11.4580409527,(212.98828125, -74.88563051199999)
11.4681968689,(212.98828125, -74.88563051199999)
11.4783418179,(212.98828125, -74.88563051199999)
11.4884669781,(212.98828125, -74.88563051199999)
11.4985909462,(212.98828125, -74.88563051199999)
11.508713007,(212.98828125, -74.88563051199999)
11.5188360214,(212.98828125, -74.88563051199999)
11.5289988518,(212.98828125, -74.88563051199999)
11.5391788483,(212.98828125, -74.88563051199999)
11.5493600368,(212.98828125, -74.88563051199999)
11.5595400333,(212.98828125, -74.88563051199999)
11.569672823,(212.98828125, -74.88563051199999)
11.5797979832,(198.6328125, -74.88563051199999)
11.5899209976,(198.6328125, -77.56011731599999)
11.6001439095,(198.6328125, -77.56011731599999)
11.6103079319,(198.6328125, -77.56011731599999)
11.6204218864,(198.6328125, -77.56011731599999)
11.6305348873,(198.6328125, -77.56011731599999)
11.6406478882,(198.6328125, -77.56011731599999)
11.6507489681,(198.6328125, -77.56011731599999)
11.6608629227,(198.6328125, -77.56011731599999)
11.6709759235,(198.6328125, -77.56011731599999)
11.6810889244,(198.6328125, -77.56011731599999)
11.6912019253,(198.6328125, -77.56011731599999)
11.7013149261,(198.6328125, -77.56011731599999)
11.711427927,(198.6328125, -77.56011731599999)
11.721529007,(198.6328125, -77.56011731599999)
11.7316288948,(198.6328125, -77.56011731599999)
11.7417209148,(198.6328125, -77.56011731599999)
11.7518529892,(198.6328125, -77.56011731599999)
11.7619400024,(198.6328125, -77.56011731599999)
11.7720530033,(198.6328125, -77.56011731599999)
11.7821669579,(198.6328125, -77.56011731599999)
11.7922868729,(198.6328125, -77.56011731599999)
11.8024039268,(199.8046875, -77.56011731599999)
11.8125209808,(199.8046875, -5.348973608)
11.8226168156,(199.8046875, -5.348973608)
11.8327388763,(199.8046875, -5.348973608)
11.8428528309,(199.8046875, -5.348973608)
11.8529429436,(199.8046875, -5.348973608)
11.8630588055,(199.8046875, -5.348973608)
11.8731648922,(199.8046875, -5.348973608)
11.8832910061,(199.8046875, -5.348973608)
11.8934109211,(199.8046875, -5.348973608)
11.9035248756,(199.8046875, -5.348973608)
11.9136388302,(199.8046875, -5.348973608)
11.9237518311,(199.8046875, -5.348973608)
11.9338648319,(199.8046875, -5.348973608)
11.9439778328,(199.8046875, -5.348973608)
11.9540839195,(199.8046875, -5.348973608)
11.9641969204,(199.8046875, -5.348973608)
11.9743080139,(199.8046875, -5.348973608)
11.9844219685,(199.8046875, -5.348973608)
11.9945349693,(199.8046875, -5.348973608)
12.0046479702,(199.8046875, -5.348973608)
12.0147619247,(199.8046875, -5.348973608)
12.0248780251,(200.09765625, -5.348973608)
12.0350618362,(200.09765625, 2.674486804)
12.0452318192,(200.09765625, 2.674486804)
12.0553510189,(200.09765625, 2.674486804)
12.0654838085,(200.09765625, 2.674486804)
12.0756030083,(200.09765625, 2.674486804)
12.0857169628,(200.09765625, 2.674486804)
12.0958309174,(200.09765625, 2.674486804)
12.1059439182,(200.09765625, 2.674486804)
12.1160569191,(200.09765625, 2.674486804)
12.1261708736,(200.09765625, 2.674486804)
12.1362838745,(200.09765625, 2.674486804)
12.1463899612,(200.09765625, 2.674486804)
12.1565029621,(200.09765625, 2.674486804)
12.1666169167,(200.09765625, 2.674486804)
12.1767299175,(200.09765625, 2.674486804)
12.1868448257,(200.09765625, 2.674486804)
12.1969578266,(200.09765625, 2.674486804)
12.2070708275,(200.09765625, 2.674486804)
12.2171859741,(200.09765625, 2.674486804)
12.2275738716,(200.09765625, 2.674486804)
12.2376699448,(200.09765625, 2.674486804)
12.2478129864,(199.21875, 2.674486804)
12.2579329014,(199.21875, -2.674486804)
12.268050909,(199.21875, -2.674486804)
12.2781658173,(199.21875, -2.674486804)
12.2882859707,(199.21875, -2.674486804)
12.2984030247,(199.21875, -2.674486804)
12.3085179329,(199.21875, -2.674486804)
12.3186309338,(199.21875, -2.674486804)
12.3287439346,(199.21875, -2.674486804)
12.3388559818,(199.21875, -2.674486804)
12.3489699364,(199.21875, -2.674486804)
12.3590829372,(199.21875, -2.674486804)
12.3691959381,(199.21875, -2.674486804)
12.3793098927,(199.21875, -2.674486804)
12.3894228935,(199.21875, -2.674486804)
12.3995289803,(199.21875, -2.674486804)
12.4096419811,(199.21875, -2.674486804)
12.4197540283,(199.21875, -2.674486804)
12.4298679829,(199.21875, -2.674486804)
12.4399838448,(199.21875, -2.674486804)
12.4516029358,(199.21875, -2.674486804)
12.461717844,(199.21875, -2.674486804)
12.471832037,(199.8046875, -2.674486804)
12.4819498062,(199.8046875, -2.674486804)
12.4920709133,(199.8046875, -2.674486804)
12.5021908283,(199.8046875, -2.674486804)
12.5123038292,(199.8046875, -2.674486804)
12.5224158764,(199.8046875, -2.674486804)
12.5325288773,(199.8046875, -2.674486804)
12.5426418781,(199.8046875, -2.674486804)
12.5527799129,(199.8046875, -2.674486804)
12.5629160404,(199.8046875, -2.674486804)
12.57304883,(199.8046875, -2.674486804)
12.5831608772,(199.8046875, -2.674486804)
12.5932488441,(199.8046875, -2.674486804)
12.6033689976,(199.8046875, -2.674486804)
12.6134819984,(199.8046875, -2.674486804)
12.623595953,(199.8046875, -2.674486804)
12.6337108612,(199.8046875, -2.674486804)
12.6438238621,(199.8046875, -2.674486804)
12.6539378166,(199.8046875, -2.674486804)
12.6640729904,(199.8046875, -2.674486804)
12.6757509708,(199.8046875, -2.674486804)
12.6858389378,(199.8046875, -2.674486804)
12.695953846,(199.8046875, -2.674486804)
12.706045866,(199.8046875, -2.674486804)
12.7161638737,(199.8046875, -2.674486804)
12.726279974,(199.8046875, -2.674486804)
12.7364249229,(199.8046875, -2.674486804)
12.7465379238,(199.8046875, -2.674486804)
12.7566409111,(199.8046875, -2.674486804)
12.7667608261,(199.8046875, -2.674486804)
12.776873827,(199.8046875, -2.674486804)
12.7869868279,(199.8046875, -2.674486804)
12.7971010208,(199.8046875, -2.674486804)
12.8072140217,(199.8046875, -2.674486804)
12.8175849915,(199.8046875, -2.674486804)
12.8276908398,(199.8046875, -2.674486804)
12.8378038406,(199.8046875, -2.674486804)
12.8479180336,(199.8046875, -2.674486804)
12.8580319881,(199.8046875, -2.674486804)
12.8681659698,(199.8046875, -2.674486804)
12.8782708645,(199.8046875, -2.674486804)
12.8883838654,(199.8046875, -2.674486804)
12.8996129036,(199.8046875, -2.674486804)
12.9097099304,(199.8046875, -2.674486804)
12.9198248386,(199.8046875, -2.674486804)
12.9299459457,(199.8046875, 0.0)
12.9400639534,(199.8046875, 0.0)
12.9502139091,(199.8046875, 0.0)
12.9603538513,(199.8046875, 0.0)
12.970468998,(199.8046875, 0.0)
12.9805819988,(199.8046875, 0.0)
12.9906938076,(199.8046875, 0.0)
13.0008268356,(199.8046875, 0.0)
13.0109639168,(199.8046875, 0.0)
13.0210969448,(199.8046875, 0.0)
13.031234026,(199.8046875, 0.0)
13.0414438248,(199.8046875, 0.0)
13.0515589714,(199.8046875, 0.0)
13.0616710186,(199.8046875, 0.0)
13.0717840195,(199.8046875, 0.0)
13.0818970203,(199.8046875, 0.0)
13.0920088291,(199.8046875, 0.0)
13.1021318436,(199.8046875, 0.0)
13.1122620106,(199.8046875, 0.0)
13.123611927,(199.8046875, 0.0)
13.1337268353,(199.8046875, 0.0)
13.1438469887,(199.21875, 0.0)
13.1539850235,(199.21875, 0.0)
13.1641440392,(199.21875, 0.0)
13.1742630005,(199.21875, 0.0)
13.1843988895,(199.21875, 0.0)
13.1945109367,(199.21875, 0.0)
13.2046229839,(199.21875, 0.0)
13.2147359848,(199.21875, 0.0)
13.2248489857,(199.21875, 0.0)
13.2349610329,(199.21875, 0.0)
13.2450740337,(199.21875, 0.0)
13.2552099228,(199.21875, 0.0)
13.2653129101,(199.21875, 0.0)
13.2754268646,(199.21875, 0.0)
13.2855389118,(199.21875, 0.0)
13.2956488132,(199.21875, 0.0)
13.3057599068,(199.21875, 0.0)
13.3158679008,(199.21875, 0.0)
13.3259818554,(199.21875, 0.0)
13.3360948563,(199.21875, 0.0)
13.3475940228,(199.21875, 0.0)
13.3577039242,(199.21875, 0.0)
13.3678238392,(199.8046875, 0.0)
13.3779459,(199.8046875, 0.0)
13.3881030083,(199.8046875, 0.0)
13.3982508183,(199.8046875, 0.0)
13.4083659649,(199.8046875, 0.0)
13.4184808731,(199.8046875, 0.0)
13.428593874,(199.8046875, 0.0)
13.4387068748,(199.8046875, 0.0)
13.4488198757,(199.8046875, 0.0)
13.4589548111,(199.8046875, 0.0)
13.4690899849,(199.8046875, 0.0)
13.4792258739,(199.8046875, 0.0)
13.4893288612,(199.8046875, 0.0)
13.4994208813,(199.8046875, 0.0)
13.5095319748,(199.8046875, 0.0)
13.5196108818,(199.8046875, 0.0)
13.5297210217,(199.8046875, 0.0)
13.5398349762,(199.8046875, 0.0)
13.5499479771,(199.8046875, 0.0)
13.5600609779,(199.8046875, 0.0)
13.5715858936,(199.8046875, 0.0)
13.5816779137,(199.8046875, 0.0)
13.591796875,(199.8046875, 0.0)
13.6019079685,(199.8046875, 0.0)
13.6120300293,(199.8046875, 0.0)
13.6221499443,(199.8046875, 0.0)
13.6322658062,(199.8046875, 0.0)
13.6423799992,(199.8046875, 0.0)
13.652493,(199.8046875, 0.0)
13.6626069546,(199.8046875, 0.0)
13.6727199554,(199.8046875, 0.0)
13.6828439236,(199.8046875, 0.0)
13.6929759979,(199.8046875, 0.0)
13.7031068802,(199.8046875, 0.0)
13.7133660316,(199.8046875, 0.0)
13.7234578133,(199.8046875, 0.0)
13.7335748672,(199.8046875, 0.0)
13.743680954,(199.8046875, 0.0)
13.7537939548,(199.8046875, 0.0)
13.7638869286,(199.8046875, 0.0)
13.7739999294,(199.8046875, 0.0)
13.7841129303,(199.8046875, 0.0)
13.7958788872,(199.8046875, 0.0)
13.8059849739,(199.8046875, 0.0)
13.8161139488,(199.8046875, 0.0)
13.8262269497,(199.8046875, 2.674486804)
13.8363218307,(199.8046875, 2.674486804)
13.8464419842,(199.8046875, 2.674486804)
13.8565638065,(199.8046875, 2.674486804)
13.8667488098,(199.8046875, 2.674486804)
13.8769350052,(199.8046875, 2.674486804)
13.8870429993,(199.8046875, 2.674486804)
13.8971588612,(199.8046875, 2.674486804)
13.9077818394,(199.8046875, 2.674486804)
13.917896986,(199.8046875, 2.674486804)
13.928016901,(199.8046875, 2.674486804)
13.9398629665,(199.8046875, 2.674486804)
13.9500260353,(199.8046875, 2.674486804)
13.9601309299,(199.8046875, 2.674486804)
13.9702489376,(199.8046875, 2.674486804)
13.9803769588,(199.8046875, 2.674486804)
13.9904990196,(199.8046875, 2.674486804)
14.0007359982,(199.8046875, 2.674486804)
14.0110018253,(199.8046875, 2.674486804)
14.0235509872,(199.8046875, 2.674486804)
14.0337538719,(200.09765625, 2.674486804)
14.0439579487,(200.09765625, 2.674486804)
14.054060936,(200.09765625, -8.023460411999999)
14.0641839504,(200.09765625, -8.023460411999999)
14.0743069649,(200.09765625, -8.023460411999999)
14.0844228268,(200.09765625, -8.023460411999999)
14.0945408344,(200.09765625, -8.023460411999999)
14.1046550274,(200.09765625, -8.023460411999999)
14.1147699356,(200.09765625, -8.023460411999999)
14.1248860359,(200.09765625, -8.023460411999999)
14.1350069046,(200.09765625, -8.023460411999999)
14.1451199055,(200.09765625, -8.023460411999999)
14.1552329063,(200.09765625, -8.023460411999999)
14.1653468609,(200.09765625, -8.023460411999999)
14.1754620075,(200.09765625, -8.023460411999999)
14.1855750084,(200.09765625, -8.023460411999999)
14.1956899166,(200.09765625, -8.023460411999999)
14.2058038712,(200.09765625, -8.023460411999999)
14.2159190178,(200.09765625, -8.023460411999999)
14.2260069847,(200.09765625, -8.023460411999999)
14.2361278534,(200.09765625, -8.023460411999999)
14.2462439537,(200.09765625, -8.023460411999999)
14.2563579082,(200.09765625, -8.023460411999999)
14.2664718628,(199.8046875, -8.023460411999999)
14.2765898705,(199.8046875, -2.674486804)
14.286785841,(199.8046875, -2.674486804)
14.2969548702,(199.8046875, -2.674486804)
14.3070728779,(199.8046875, -2.674486804)
14.3171858788,(199.8046875, -2.674486804)
14.3272988796,(199.8046875, -2.674486804)
14.3374149799,(199.8046875, -2.674486804)
14.3475320339,(199.8046875, -2.674486804)
14.3576459885,(199.8046875, -2.674486804)
14.3677618504,(199.8046875, -2.674486804)
14.3778738976,(199.8046875, -2.674486804)
14.3880088329,(199.8046875, -2.674486804)
14.3981409073,(199.8046875, -2.674486804)
14.4082548618,(199.8046875, -2.674486804)
14.4183678627,(199.8046875, -2.674486804)
14.4284808636,(199.8046875, -2.674486804)
14.4385929108,(199.8046875, -2.674486804)
14.4486749172,(199.8046875, -2.674486804)
14.4587848186,(199.8046875, -2.674486804)
14.468900919,(199.8046875, -2.674486804)
14.4790008068,(199.8046875, -2.674486804)
14.4891188145,(199.21875, -2.674486804)
14.4992249012,(199.21875, -2.674486804)
14.5093479156,(199.21875, -2.674486804)
14.5194489956,(199.21875, -2.674486804)
14.5295629501,(199.21875, -2.674486804)
14.539675951,(199.21875, -2.674486804)
14.5498068333,(199.21875, -2.674486804)
14.5599188805,(199.21875, -2.674486804)
14.5700309277,(199.21875, -2.674486804)
14.5801689625,(199.21875, -2.674486804)
14.5902810097,(199.21875, -2.674486804)
14.6003940105,(199.21875, -2.674486804)
14.6105058193,(199.21875, -2.674486804)
14.6206188202,(199.21875, -2.674486804)
14.6307308674,(199.21875, -2.674486804)
14.6409118176,(199.21875, -2.674486804)
14.6510238647,(199.21875, -2.674486804)
14.6611359119,(199.21875, -2.674486804)
14.6712489128,(199.21875, -2.674486804)
14.6813619137,(199.21875, -2.674486804)
14.6917939186,(199.21875, -2.674486804)
14.7018859386,(199.21875, -2.674486804)
14.7120029926,(199.21875, -2.674486804)
14.7221589088,(199.21875, 0.0)
14.7323219776,(199.21875, 0.0)
14.7424368858,(199.21875, 0.0)
14.7528448105,(199.21875, 0.0)
14.7629609108,(199.21875, 0.0)
14.773072958,(199.21875, 0.0)
14.7831859589,(199.21875, 0.0)
14.7932980061,(199.21875, 0.0)
14.8034098148,(199.21875, 0.0)
14.8135228157,(199.21875, 0.0)
14.8236579895,(199.21875, 0.0)
14.8337929249,(199.21875, 0.0)
14.8439128399,(199.21875, 0.0)
14.8540258408,(199.21875, 0.0)
14.864137888,(199.21875, 0.0)
14.8742508888,(199.21875, 0.0)
14.884362936,(199.21875, 0.0)
14.8944740295,(199.21875, 0.0)
14.9045879841,(199.21875, 0.0)
14.9158189297,(199.21875, 0.0)
14.9259009361,(199.21875, 0.0)
14.936013937,(200.09765625, 0.0)
14.9461288452,(200.09765625, 2.674486804)
14.9562578201,(200.09765625, 2.674486804)
14.9664018154,(200.09765625, 2.674486804)
14.9768049717,(200.09765625, 2.674486804)
14.9869220257,(200.09765625, 2.674486804)
14.9970359802,(200.09765625, 2.674486804)
15.0071489811,(200.09765625, 2.674486804)
15.0172858238,(200.09765625, 2.674486804)
15.0274009705,(200.09765625, 2.674486804)
15.0375118256,(200.09765625, 2.674486804)
15.0476310253,(200.09765625, 2.674486804)
15.0577478409,(200.09765625, 2.674486804)
15.0678420067,(200.09765625, 2.674486804)
15.077963829,(200.09765625, 2.674486804)
15.088078022,(200.09765625, 2.674486804)
15.0981919765,(200.09765625, 2.674486804)
15.1082749367,(200.09765625, 2.674486804)
15.1183898449,(200.09765625, 2.674486804)
15.1285028458,(200.09765625, 2.674486804)
15.1396069527,(200.09765625, 2.674486804)
15.1497068405,(200.09765625, 2.674486804)
15.1598038673,(200.09765625, 2.674486804)
15.1699168682,(200.09765625, -8.023460411999999)
15.1800429821,(200.09765625, -8.023460411999999)
15.1901628971,(200.09765625, -8.023460411999999)
15.2002868652,(200.09765625, -8.023460411999999)
15.2104048729,(200.09765625, -8.023460411999999)
15.2205188274,(200.09765625, -8.023460411999999)
15.2306330204,(200.09765625, -8.023460411999999)
15.2407460213,(200.09765625, -8.023460411999999)
15.2508599758,(200.09765625, -8.023460411999999)
15.2609739304,(200.09765625, -8.023460411999999)
15.2710878849,(200.09765625, -8.023460411999999)
15.2812018394,(200.09765625, -8.023460411999999)
15.2913148403,(200.09765625, -8.023460411999999)
15.3014278412,(200.09765625, -8.023460411999999)
15.3115420341,(200.09765625, -8.023460411999999)
15.3216559887,(200.09765625, -8.023460411999999)
15.3317959309,(200.09765625, -8.023460411999999)
15.3419499397,(200.09765625, -8.023460411999999)
15.3521168232,(200.09765625, -8.023460411999999)
15.3635408878,(200.09765625, -8.023460411999999)
15.3736639023,(200.09765625, -8.023460411999999)
15.3837769032,(200.09765625, -8.023460411999999)
15.3939008713,(200.09765625, -2.674486804)
15.4040718079,(200.09765625, -2.674486804)
15.4142270088,(200.09765625, -2.674486804)
15.4243328571,(200.09765625, -2.674486804)
15.4344518185,(200.09765625, -2.674486804)
15.4445679188,(200.09765625, -2.674486804)
15.454682827,(200.09765625, -2.674486804)
15.46479702,(200.09765625, -2.674486804)
15.4749100208,(200.09765625, -2.674486804)
15.4850230217,(200.09765625, -2.674486804)
15.4951598644,(200.09765625, -2.674486804)
15.5052728653,(200.09765625, -2.674486804)
15.5153989792,(200.09765625, -2.674486804)
15.5255129337,(200.09765625, -2.674486804)
15.5356268883,(200.09765625, -2.674486804)
15.5457398891,(200.09765625, -2.674486804)
15.5558450222,(200.09765625, -2.674486804)
15.5659580231,(200.09765625, -2.674486804)
15.5760698318,(200.09765625, -2.674486804)
15.5875618458,(200.09765625, -2.674486804)
15.5976808071,(200.09765625, -2.674486804)
15.6078000069,(199.8046875, -2.674486804)
15.6180148125,(199.8046875, 0.0)
15.6282098293,(199.8046875, 0.0)
15.6383299828,(199.8046875, 0.0)
15.6484749317,(199.8046875, 0.0)
15.6585869789,(199.8046875, 0.0)
15.6686999798,(199.8046875, 0.0)
15.678812027,(199.8046875, 0.0)
15.6889250278,(199.8046875, 0.0)
15.6990358829,(199.8046875, 0.0)
15.7091488838,(199.8046875, 0.0)
15.7192618847,(199.8046875, 0.0)
15.7293720245,(199.8046875, 0.0)
15.7394800186,(199.8046875, 0.0)
15.7496168613,(199.8046875, 0.0)
15.7597308159,(199.8046875, 0.0)
15.7698369026,(199.8046875, 0.0)
15.7799530029,(199.8046875, 0.0)
15.7900629044,(199.8046875, 0.0)
15.8001768589,(199.8046875, 0.0)
15.8155858517,(199.8046875, 0.0)
15.8257009983,(199.21875, 0.0)
15.835819006,(199.21875, 0.0)
15.8459329605,(199.21875, -5.348973608)
15.8560428619,(199.21875, -5.348973608)
15.8661649227,(199.21875, -5.348973608)
15.8762798309,(199.21875, -5.348973608)
15.8863949776,(199.21875, -5.348973608)
15.8965089321,(199.21875, -5.348973608)
15.9066448212,(199.21875, -5.348973608)
15.9167790413,(199.21875, -5.348973608)
15.9269149303,(199.21875, -5.348973608)
15.9370508194,(199.21875, -5.348973608)
15.9471838474,(199.21875, -5.348973608)
15.9572999477,(199.21875, -5.348973608)
15.9674298763,(199.21875, -5.348973608)
15.9775798321,(199.21875, -5.348973608)
15.9877018929,(199.21875, -5.348973608)
15.99781394,(199.21875, -5.348973608)
16.0079269409,(199.21875, -5.348973608)
16.0180399418,(199.21875, -5.348973608)
16.0281448364,(199.21875, -5.348973608)
16.0382750034,(199.21875, -5.348973608)
16.0483658314,(199.21875, -5.348973608)
16.0584850311,(199.21875, -5.348973608)
16.0685939789,(199.21875, 2.674486804)
16.0787169933,(199.21875, 2.674486804)
16.0889618397,(199.21875, 2.674486804)
16.0991408825,(199.21875, 2.674486804)
16.1092288494,(199.21875, 2.674486804)
16.1193389893,(199.21875, 2.674486804)
16.1294608116,(199.21875, 2.674486804)
16.1395728588,(199.21875, 2.674486804)
16.1496868134,(199.21875, 2.674486804)
16.1597988605,(199.21875, 2.674486804)
16.1699328423,(199.21875, 2.674486804)
16.1800818443,(199.21875, 2.674486804)
16.1902139187,(199.21875, 2.674486804)
16.2003269196,(199.21875, 2.674486804)
16.2104389668,(199.21875, 2.674486804)
16.2205519676,(199.21875, 2.674486804)
16.2306649685,(199.21875, 2.674486804)
16.2408008575,(199.21875, 2.674486804)
16.2509329319,(199.21875, 2.674486804)
16.2635610104,(199.21875, 2.674486804)
16.2736699581,(199.8046875, 2.674486804)
16.2837748528,(199.8046875, 2.674486804)
16.2938959599,(199.8046875, -2.674486804)
16.3040189743,(199.8046875, -2.674486804)
16.3141379356,(199.8046875, -2.674486804)
16.3242750168,(199.8046875, -2.674486804)
16.3343889713,(199.8046875, -2.674486804)
16.3445019722,(199.8046875, -2.674486804)
16.3546140194,(199.8046875, -2.674486804)
16.3647270203,(199.8046875, -2.674486804)
16.3748400211,(199.8046875, -2.674486804)
16.3849709034,(199.8046875, -2.674486804)
16.3950939178,(199.8046875, -2.674486804)
16.4052069187,(199.8046875, -2.674486804)
16.4153199196,(199.8046875, -2.674486804)
16.4254338741,(199.8046875, -2.674486804)
16.435546875,(199.8046875, -2.674486804)
16.4456608295,(199.8046875, -2.674486804)
16.4557988644,(199.8046875, -2.674486804)
16.4659378529,(199.8046875, -2.674486804)
16.4760818481,(199.8046875, -2.674486804)
16.4875040054,(199.8046875, -2.674486804)
16.4976119995,(199.21875, -2.674486804)
16.5077300072,(199.21875, -2.674486804)
16.5178458691,(199.21875, -5.348973608)
16.5281820297,(199.21875, -5.348973608)
16.5383038521,(199.21875, -5.348973608)
16.5484189987,(199.21875, -5.348973608)
16.5585319996,(199.21875, -5.348973608)
16.5686478615,(199.21875, -5.348973608)
16.5787599087,(199.21875, -5.348973608)
16.5888729095,(199.21875, -5.348973608)
16.5989928246,(199.21875, -5.348973608)
16.6091098785,(199.21875, -5.348973608)
16.6192228794,(199.21875, -5.348973608)
16.6293358803,(199.21875, -5.348973608)
16.6394588947,(199.21875, -5.348973608)
16.6495740414,(199.21875, -5.348973608)
16.6596870422,(199.21875, -5.348973608)
16.6698009968,(199.21875, -5.348973608)
16.6799299717,(199.21875, -5.348973608)
16.6915938854,(199.21875, -5.348973608)
16.7017400265,(199.21875, -5.348973608)
16.7118649483,(199.21875, -5.348973608)
16.7219760418,(199.8046875, -5.348973608)
16.7320928574,(199.8046875, -5.348973608)
16.7422118187,(199.8046875, 5.348973608)
16.7523319721,(199.8046875, 5.348973608)
16.7624509335,(199.8046875, 5.348973608)
16.772564888,(199.8046875, 5.348973608)
16.7826778889,(199.8046875, 5.348973608)
16.7928199768,(199.8046875, 5.348973608)
16.802947998,(199.8046875, 5.348973608)
16.8130619526,(199.8046875, 5.348973608)
16.8231749535,(199.8046875, 5.348973608)
16.8332879543,(199.8046875, 5.348973608)
16.8433959484,(199.8046875, 5.348973608)
16.8534970284,(199.8046875, 5.348973608)
16.8635919094,(199.8046875, 5.348973608)
16.8736908436,(199.8046875, 5.348973608)
16.8837888241,(199.8046875, 5.348973608)
16.893901825,(199.8046875, 5.348973608)
16.9040148258,(199.8046875, 5.348973608)
16.914126873,(199.8046875, 5.348973608)
16.9242398739,(199.8046875, 5.348973608)
16.9343528748,(199.8046875, 5.348973608)
16.944464922,(199.8046875, 5.348973608)
16.9545819759,(199.8046875, 5.348973608)
16.9646990299,(199.8046875, 2.674486804)
16.9748158455,(199.8046875, 2.674486804)
16.9849328995,(199.8046875, 2.674486804)
16.9955489635,(199.8046875, 2.674486804)
17.005674839,(199.8046875, 2.674486804)
17.0158228874,(199.8046875, 2.674486804)
17.0259358883,(199.8046875, 2.674486804)
17.0360488892,(199.8046875, 2.674486804)
17.0461628437,(199.8046875, 2.674486804)
17.0562698841,(199.8046875, 2.674486804)
17.066382885,(199.8046875, 2.674486804)
17.0764968395,(199.8046875, 2.674486804)
17.08659482,(199.8046875, 2.674486804)
17.0967240334,(199.8046875, 2.674486804)
17.1068458557,(199.8046875, 2.674486804)
17.117030859,(199.8046875, 2.674486804)
17.1272079945,(199.8046875, 2.674486804)
17.1373288631,(199.8046875, 2.674486804)
17.1474459171,(199.8046875, 2.674486804)
17.1595640182,(199.8046875, 2.674486804)
17.1696679592,(199.8046875, 2.674486804)
17.1797838211,(199.8046875, 2.674486804)
17.1898999214,(199.8046875, 0.0)
17.2035858631,(199.8046875, 0.0)
17.213696003,(199.8046875, 0.0)
17.2238090038,(199.8046875, 0.0)
17.233923912,(199.8046875, 0.0)
17.2440400124,(199.8046875, 0.0)
17.2541518211,(199.8046875, 0.0)
17.2642560005,(199.8046875, 0.0)
17.2743678093,(199.8046875, 0.0)
17.2844798565,(199.8046875, 0.0)
17.2945928574,(199.8046875, 0.0)
17.3047058582,(199.8046875, 0.0)
17.3148179054,(199.8046875, 0.0)
17.3249309063,(199.8046875, 0.0)
17.3350419998,(199.8046875, 0.0)
17.3451538086,(199.8046875, 0.0)
17.3552668095,(199.8046875, 0.0)
17.3653798103,(199.8046875, 0.0)
17.3754889965,(199.8046875, 0.0)
17.3856048584,(199.8046875, 0.0)
17.3957169056,(199.8046875, 0.0)
17.4059560299,(199.8046875, 0.0)
17.4161498547,(199.8046875, 0.0)
17.4262738228,(199.8046875, 0.0)
17.4363958836,(199.8046875, 0.0)
17.4465148449,(199.8046875, 0.0)
17.4566268921,(199.8046875, 0.0)
17.4667379856,(199.8046875, 0.0)
17.4768528938,(199.8046875, 0.0)
17.486964941,(199.8046875, 0.0)
17.4970779419,(199.8046875, 0.0)
17.5071890354,(199.8046875, 0.0)
17.5173079967,(199.8046875, 0.0)
17.5274178982,(199.8046875, 0.0)
17.5375318527,(199.8046875, 0.0)
17.5476448536,(199.8046875, 0.0)
17.5577569008,(199.8046875, 0.0)
17.5678539276,(199.8046875, 0.0)
17.5779879093,(199.8046875, 0.0)
17.5881259441,(199.8046875, 0.0)
17.5982398987,(199.8046875, 0.0)
17.6083528996,(199.8046875, 0.0)
17.6184630394,(199.8046875, 0.0)
17.6285820007,(199.8046875, 0.0)
17.6387238503,(199.8046875, 0.0)
17.6488428116,(199.8046875, 0.0)
17.6589589119,(199.8046875, 0.0)
17.6690750122,(199.8046875, 0.0)
17.6791880131,(199.8046875, 0.0)
17.689303875,(199.8046875, 0.0)
17.6993839741,(199.8046875, 0.0)
17.7094960213,(199.8046875, 0.0)
17.7196090221,(199.8046875, 0.0)
17.7297198772,(199.8046875, 0.0)
17.7398319244,(199.8046875, 0.0)
17.7499449253,(199.8046875, 0.0)
17.7600569725,(199.8046875, 0.0)
17.7701690197,(199.8046875, 0.0)
17.7802808285,(199.8046875, 0.0)
17.7903938293,(199.8046875, 0.0)
17.8005068302,(199.8046875, 0.0)
17.8106188774,(199.8046875, 0.0)
17.8207349777,(199.8046875, 0.0)
17.8308808804,(199.8046875, 0.0)
17.8410089016,(199.8046875, 0.0)
17.8511219025,(199.8046875, 0.0)
17.8612380028,(199.8046875, 0.0)
17.8714368343,(199.8046875, 0.0)
17.8816008568,(199.8046875, 0.0)
17.8917059898,(199.8046875, 0.0)
17.9018208981,(199.8046875, 0.0)
17.9119329453,(199.8046875, 0.0)
17.9220459461,(199.8046875, 0.0)
17.932158947,(199.8046875, 0.0)
17.9422719479,(199.8046875, 0.0)
17.9523839951,(199.8046875, 0.0)
17.9624969959,(199.8046875, 0.0)
17.972632885,(199.8046875, 0.0)
17.9827668667,(199.8046875, 0.0)
17.9928820133,(199.8046875, 0.0)
18.0029978752,(199.8046875, 0.0)
18.0131158829,(199.8046875, 0.0)
18.0232410431,(199.8046875, 0.0)
18.0333650112,(199.8046875, 0.0)
18.0434520245,(199.8046875, 0.0)
18.0535628796,(199.8046875, 0.0)
18.0636758804,(199.8046875, 0.0)
18.073789835,(199.8046875, 0.0)
18.0839049816,(199.8046875, 0.0)
18.0940289497,(199.8046875, 0.0)
18.1041488647,(199.8046875, 0.0)
18.1142628193,(199.8046875, 0.0)
18.1243698597,(199.8046875, 0.0)
18.1344869137,(199.8046875, 0.0)
18.1446039677,(199.8046875, 0.0)
18.1548249722,(199.8046875, 0.0)
18.1649889946,(199.8046875, 0.0)
18.175098896,(199.8046875, 0.0)
18.1852140427,(199.8046875, 0.0)
18.1953179836,(199.8046875, 0.0)
18.2055778503,(199.8046875, 0.0)
18.2157969475,(199.8046875, 0.0)
18.2259290218,(199.8046875, 0.0)
18.236071825,(199.8046875, 0.0)
18.2461948395,(199.8046875, 0.0)
18.256289959,(199.8046875, 0.0)
18.2664139271,(199.8046875, 0.0)
18.2765300274,(199.8046875, 0.0)
18.2866389751,(199.8046875, 0.0)
18.2967619896,(199.8046875, 0.0)
18.3068628311,(199.8046875, 0.0)
18.3170218468,(199.8046875, 0.0)
18.3271968365,(199.8046875, 0.0)
18.3373258114,(199.8046875, 0.0)
18.3474650383,(199.8046875, 0.0)
18.3575839996,(199.8046875, 0.0)
18.3677098751,(199.8046875, 0.0)
18.3778319359,(199.8046875, 0.0)
18.3879389763,(199.8046875, 0.0)
18.3980538845,(199.8046875, 0.0)
18.4081659317,(199.8046875, 0.0)
18.4182789326,(199.8046875, 0.0)
18.428388834,(199.8046875, 0.0)
18.4384999275,(199.8046875, 0.0)
18.4486119747,(199.8046875, 0.0)
18.4587240219,(199.8046875, 0.0)
18.4688358307,(199.8046875, 0.0)
18.4789879322,(199.8046875, 0.0)
18.4891018867,(199.8046875, 0.0)
18.4996109009,(199.8046875, 0.0)
18.5097029209,(199.8046875, 0.0)
18.5198099613,(200.09765625, 0.0)
18.5299348831,(200.09765625, 0.0)
18.5400600433,(200.09765625, 0.0)
18.5501508713,(200.09765625, 0.0)
18.5602869987,(200.09765625, 0.0)
18.570401907,(200.09765625, 0.0)
18.5805149078,(200.09765625, 0.0)
18.590626955,(200.09765625, 0.0)
18.600744009,(200.09765625, 0.0)
18.6108608246,(200.09765625, 0.0)
18.6209750175,(200.09765625, 0.0)
18.6310858727,(200.09765625, 0.0)
18.6412079334,(200.09765625, 0.0)
18.6513209343,(200.09765625, 0.0)
18.6614208221,(200.09765625, 0.0)
18.6715028286,(200.09765625, 0.0)
18.6816148758,(200.09765625, 0.0)
18.6917150021,(200.09765625, 0.0)
18.7018268108,(200.09765625, 0.0)
18.7119398117,(200.09765625, 0.0)
18.7235298157,(200.09765625, 0.0)
18.7336468697,(200.09765625, 0.0)
18.74376297,(199.8046875, 0.0)
18.7557058334,(199.8046875, 0.0)
18.7658648491,(199.8046875, 0.0)
18.7759838104,(199.8046875, 0.0)
18.7860989571,(199.8046875, 0.0)
18.7962119579,(199.8046875, 0.0)
18.8063249588,(199.8046875, 0.0)
18.8164379597,(199.8046875, 0.0)
18.8265509605,(199.8046875, 0.0)
18.8366568089,(199.8046875, 0.0)
18.8467350006,(199.8046875, 0.0)
18.8568518162,(199.8046875, 0.0)
18.8669638634,(199.8046875, 0.0)
18.8770768642,(199.8046875, 0.0)
18.8871898651,(199.8046875, 0.0)
18.8973269463,(199.8046875, 0.0)
18.9074409008,(199.8046875, 0.0)
18.917555809,(199.8046875, 0.0)
18.927670002,(199.8046875, 0.0)
18.9377830029,(199.8046875, 0.0)
18.9478619099,(199.8046875, 0.0)
18.9579458237,(199.8046875, 0.0)
18.968061924,(199.8046875, 0.0)
18.978194952,(199.8046875, 0.0)
18.9883480072,(199.8046875, 0.0)
18.9984970093,(199.8046875, 0.0)
19.00857687,(199.8046875, 0.0)
19.0186908245,(199.8046875, 0.0)
19.0288038254,(199.8046875, 0.0)
19.0390338898,(199.8046875, 0.0)
19.049145937,(199.8046875, 0.0)
19.0592589378,(199.8046875, 0.0)
19.0693719387,(199.8046875, 0.0)
19.0794849396,(199.8046875, 0.0)
19.0896208286,(199.8046875, 0.0)
19.099752903,(199.8046875, 0.0)
19.1098890305,(199.8046875, 0.0)
19.1200230122,(199.8046875, 0.0)
19.1301548481,(199.8046875, 0.0)
19.1402659416,(199.8046875, 0.0)
19.1503779888,(199.8046875, 0.0)
19.1604909897,(199.8046875, 0.0)
19.1706030369,(199.8046875, 0.0)
19.1807179451,(199.8046875, 0.0)
19.1908369064,(199.8046875, 0.0)
19.2009549141,(199.8046875, 0.0)
19.2110738754,(199.8046875, 0.0)
19.2211928368,(199.8046875, 0.0)
19.2312989235,(199.8046875, 0.0)
19.2414109707,(199.8046875, 0.0)
19.2515189648,(199.8046875, 0.0)
19.2616460323,(199.8046875, 0.0)
19.2717549801,(199.8046875, 0.0)
19.281867981,(199.8046875, 0.0)
19.2919800282,(199.8046875, 0.0)
19.302093029,(199.8046875, 0.0)
19.3122060299,(199.8046875, 0.0)
19.3223128319,(199.8046875, 0.0)
19.3324248791,(199.8046875, 0.0)
19.3425459862,(199.8046875, 0.0)
19.3526690006,(199.8046875, 0.0)
19.362787962,(199.8046875, 0.0)
19.3729150295,(199.8046875, 0.0)
19.3830180168,(199.8046875, 0.0)
19.3955378532,(199.8046875, 0.0)
19.4057598114,(199.8046875, 0.0)
19.4159369469,(199.8046875, 0.0)
19.4260599613,(199.8046875, 0.0)
19.4361870289,(199.8046875, 0.0)
19.4463169575,(199.8046875, 0.0)
19.4564409256,(199.8046875, 0.0)
19.4665899277,(199.8046875, 0.0)
19.4767119884,(199.8046875, 0.0)
19.4867978096,(199.8046875, 0.0)
19.4969449043,(199.8046875, 0.0)
19.5070679188,(199.8046875, 0.0)
19.5172610283,(199.8046875, 0.0)
19.5274419785,(199.8046875, 0.0)
19.5376269817,(199.8046875, 0.0)
19.5477938652,(199.8046875, 0.0)
19.5579118729,(199.8046875, 0.0)
19.5680048466,(199.8046875, 0.0)
19.5781350136,(199.8046875, 0.0)
19.5883128643,(199.8046875, 0.0)
19.5984578133,(199.8046875, 0.0)
19.6086068153,(199.8046875, 0.0)
19.6195659637,(199.8046875, 0.0)
19.6296830177,(199.8046875, 0.0)
19.6397969723,(199.8046875, 0.0)
19.6499378681,(199.8046875, 0.0)
19.6600630283,(199.8046875, 0.0)
19.6701869965,(199.8046875, 0.0)
19.6803028584,(199.8046875, 0.0)
19.6904158592,(199.8046875, 0.0)
19.7005298138,(199.8046875, 0.0)
19.7115819454,(199.8046875, 0.0)
19.7216949463,(199.8046875, 0.0)
19.7318089008,(199.8046875, 0.0)
19.741920948,(199.8046875, 0.0)
19.752022028,(199.8046875, 0.0)
19.7621529102,(199.8046875, 0.0)
19.7722699642,(199.8046875, 0.0)
19.7823829651,(199.8046875, 0.0)
19.7924828529,(199.8046875, 0.0)
19.8025979996,(199.8046875, 0.0)
19.8127119541,(199.8046875, 0.0)
19.8227908611,(199.8046875, 0.0)
19.832903862,(199.8046875, 0.0)
19.8435418606,(199.8046875, 0.0)
19.8536469936,(199.8046875, 0.0)
19.8637559414,(199.8046875, 0.0)
19.8738739491,(199.8046875, 0.0)
19.8840458393,(199.8046875, 0.0)
19.8942108154,(199.8046875, 0.0)
19.9043228626,(199.8046875, 0.0)
19.9144358635,(199.8046875, 0.0)
19.924549818,(199.8046875, 0.0)
19.934625864,(199.8046875, 0.0)
19.9447379112,(199.8046875, 0.0)
19.9548499584,(199.8046875, 0.0)
19.9649569988,(199.8046875, 0.0)
19.9750699997,(199.8046875, 0.0)
19.9851830006,(199.8046875, 0.0)
19.9952948093,(199.8046875, 0.0)
