5.96046447754e-06,(199.8046875, 0.0)
0.010146856308,(199.8046875, 0.0)
0.0202739238739,(199.8046875, 0.0)
0.0304019451141,(199.8046875, 0.0)
0.0405778884888,(199.8046875, 0.0)
0.0507428646088,(199.8046875, 0.0)
0.0608570575714,(199.8046875, 0.0)
0.0709600448608,(199.8046875, 0.0)
0.0810730457306,(199.8046875, 0.0)
0.0911860466003,(199.8046875, 0.0)
0.10129904747,(199.8046875, 0.0)
0.111413002014,(199.8046875, 0.0)
0.121526002884,(199.8046875, 0.0)
0.131639003754,(199.8046875, 0.0)
0.141772031784,(199.8046875, 0.0)
0.151886940002,(199.8046875, 0.0)
0.162011861801,(199.8046875, 0.0)
0.172116994858,(199.8046875, 0.0)
0.182271957397,(199.8046875, 0.0)
0.192399024963,(199.8046875, 0.0)
0.202516078949,(199.8046875, 0.0)
0.212627887726,(199.8046875, 0.0)
0.222739934921,(199.8046875, 0.0)
0.232851982117,(199.8046875, 0.0)
0.242964982986,(199.8046875, 0.0)
0.253078937531,(199.8046875, 0.0)
0.263192892075,(199.8046875, 0.0)
0.27330493927,(199.8046875, 0.0)
0.28341794014,(199.8046875, 0.0)
0.29353094101,(199.8046875, 0.0)
0.303643941879,(199.8046875, 0.0)
0.313761949539,(199.8046875, 0.0)
0.323879003525,(199.8046875, 0.0)
0.33399105072,(199.8046875, 0.0)
0.344102859497,(199.8046875, 0.0)
0.354214906693,(199.8046875, 0.0)
0.364328861237,(199.8046875, 0.0)
0.374440908432,(186.03515625, 0.0)
0.384552955627,(186.03515625, 0.0)
0.394670963287,(186.03515625, -74.88563051199999)
0.404790878296,(186.03515625, -74.88563051199999)
0.414911031723,(186.03515625, -74.88563051199999)
0.425024986267,(186.03515625, -74.88563051199999)
0.435139894485,(186.03515625, -74.88563051199999)
0.445255041122,(186.03515625, -74.88563051199999)
0.45539188385,(186.03515625, -74.88563051199999)
0.465525865555,(186.03515625, -74.88563051199999)
0.475666999817,(186.03515625, -74.88563051199999)
0.485801935196,(186.03515625, -74.88563051199999)
0.49591588974,(186.03515625, -74.88563051199999)
0.506030082703,(186.03515625, -74.88563051199999)
0.516144990921,(186.03515625, -74.88563051199999)
0.526258945465,(186.03515625, -74.88563051199999)
0.536373853683,(186.03515625, -74.88563051199999)
0.546488046646,(186.03515625, -74.88563051199999)
0.556601047516,(186.03515625, -74.88563051199999)
0.566737890244,(186.03515625, -74.88563051199999)
0.576871871948,(186.03515625, -74.88563051199999)
0.586986064911,(186.03515625, -74.88563051199999)
0.597107887268,(186.03515625, -74.88563051199999)
0.607228040695,(170.5078125, -74.88563051199999)
0.617346048355,(170.5078125, -77.56011731599999)
0.627465009689,(170.5078125, -77.56011731599999)
0.637585878372,(170.5078125, -77.56011731599999)
0.647705078125,(170.5078125, -77.56011731599999)
0.657819032669,(170.5078125, -77.56011731599999)
0.667931079865,(170.5078125, -77.56011731599999)
0.678037881851,(170.5078125, -77.56011731599999)
0.688157081604,(170.5078125, -77.56011731599999)
0.698261976242,(170.5078125, -77.56011731599999)
0.708378076553,(170.5078125, -77.56011731599999)
0.718501091003,(170.5078125, -77.56011731599999)
0.728615045547,(170.5078125, -77.56011731599999)
0.738729953766,(170.5078125, -77.56011731599999)
0.74884390831,(170.5078125, -77.56011731599999)
0.758950948715,(170.5078125, -77.56011731599999)
0.769064903259,(170.5078125, -77.56011731599999)
0.779176950455,(170.5078125, -77.56011731599999)
0.789290904999,(170.5078125, -77.56011731599999)
0.799403905869,(170.5078125, -77.56011731599999)
0.809509992599,(170.5078125, -77.56011731599999)
0.819607973099,(170.5078125, -77.56011731599999)
0.8297290802,(154.6875, -77.56011731599999)
0.83984708786,(154.6875, -82.909090924)
0.849968910217,(154.6875, -82.909090924)
0.860085010529,(154.6875, -82.909090924)
0.870203971863,(154.6875, -82.909090924)
0.880317926407,(154.6875, -82.909090924)
0.890430927277,(154.6875, -82.909090924)
0.900547981262,(154.6875, -82.909090924)
0.910670042038,(154.6875, -82.909090924)
0.920758962631,(154.6875, -82.909090924)
0.930877923965,(154.6875, -82.909090924)
0.940990924835,(154.6875, -82.909090924)
0.951103925705,(154.6875, -82.909090924)
0.961217880249,(154.6875, -82.909090924)
0.971354961395,(154.6875, -82.909090924)
0.981489896774,(154.6875, -82.909090924)
0.991750001907,(154.6875, -82.909090924)
1.00182986259,(154.6875, -82.909090924)
1.01194190979,(154.6875, -82.909090924)
1.02205705643,(154.6875, -82.909090924)
1.0328950882,(154.6875, -82.909090924)
1.04300403595,(154.6875, -82.909090924)
1.05314493179,(139.16015625, -82.909090924)
1.06326389313,(139.16015625, -80.23460412)
1.07343506813,(139.16015625, -80.23460412)
1.08361291885,(139.16015625, -80.23460412)
1.09371900558,(139.16015625, -80.23460412)
1.10387706757,(139.16015625, -80.23460412)
1.11399006844,(139.16015625, -80.23460412)
1.12410306931,(139.16015625, -80.23460412)
1.13421607018,(139.16015625, -80.23460412)
1.14432787895,(139.16015625, -80.23460412)
1.15444207191,(139.16015625, -80.23460412)
1.16455507278,(139.16015625, -80.23460412)
1.17466688156,(139.16015625, -80.23460412)
1.18478107452,(139.16015625, -80.23460412)
1.19489502907,(139.16015625, -80.23460412)
1.20500802994,(139.16015625, -80.23460412)
1.21512198448,(139.16015625, -80.23460412)
1.22522497177,(139.16015625, -80.23460412)
1.23533797264,(139.16015625, -80.23460412)
1.24545192719,(139.16015625, -80.23460412)
1.25689387321,(139.16015625, -80.23460412)
1.26702404022,(139.16015625, -80.23460412)
1.27714204788,(123.92578125, -80.23460412)
1.28726696968,(123.92578125, -77.56011731599999)
1.29739308357,(123.92578125, -77.56011731599999)
1.30751299858,(123.92578125, -77.56011731599999)
1.31761598587,(123.92578125, -77.56011731599999)
1.32773590088,(123.92578125, -77.56011731599999)
1.33785295486,(123.92578125, -77.56011731599999)
1.34796786308,(123.92578125, -77.56011731599999)
1.35808205605,(123.92578125, -77.56011731599999)
1.36819601059,(123.92578125, -77.56011731599999)
1.37831091881,(123.92578125, -77.56011731599999)
1.38842487335,(123.92578125, -77.56011731599999)
1.3985619545,(123.92578125, -77.56011731599999)
1.40867805481,(123.92578125, -77.56011731599999)
1.41879200935,(123.92578125, -77.56011731599999)
1.42887306213,(123.92578125, -77.56011731599999)
1.43898797035,(123.92578125, -77.56011731599999)
1.44910001755,(123.92578125, -77.56011731599999)
1.45921301842,(123.92578125, -77.56011731599999)
1.46935105324,(123.92578125, -77.56011731599999)
1.48101902008,(123.92578125, -77.56011731599999)
1.49115204811,(123.92578125, -77.56011731599999)
1.50133490562,(109.27734375, -77.56011731599999)
1.51151204109,(109.27734375, -77.56011731599999)
1.52170491219,(109.27734375, -77.56011731599999)
1.5318570137,(109.27734375, -77.56011731599999)
1.54194498062,(109.27734375, -77.56011731599999)
1.55205893517,(109.27734375, -77.56011731599999)
1.5621778965,(109.27734375, -77.56011731599999)
1.57229208946,(109.27734375, -77.56011731599999)
1.58240389824,(109.27734375, -77.56011731599999)
1.59251689911,(109.27734375, -77.56011731599999)
1.60263085365,(109.27734375, -77.56011731599999)
1.61274504662,(109.27734375, -77.56011731599999)
1.62284994125,(109.27734375, -77.56011731599999)
1.63296294212,(109.27734375, -77.56011731599999)
1.64307689667,(109.27734375, -77.56011731599999)
1.65319108963,(109.27734375, -77.56011731599999)
1.6633040905,(109.27734375, -77.56011731599999)
1.67341709137,(109.27734375, -77.56011731599999)
1.68353104591,(109.27734375, -77.56011731599999)
1.69364690781,(109.27734375, -77.56011731599999)
1.70488905907,(109.27734375, -77.56011731599999)
1.71499896049,(109.27734375, -77.56011731599999)
1.72514486313,(94.921875, -77.56011731599999)
1.73528885841,(94.921875, -72.211143708)
1.74541497231,(94.921875, -72.211143708)
1.75553393364,(94.921875, -72.211143708)
1.7688639164,(94.921875, -72.211143708)
1.77897787094,(94.921875, -72.211143708)
1.7890920639,(94.921875, -72.211143708)
1.79920506477,(94.921875, -72.211143708)
1.80931901932,(94.921875, -72.211143708)
1.81943202019,(94.921875, -72.211143708)
1.82973003387,(94.921875, -72.211143708)
1.83984208107,(94.921875, -72.211143708)
1.84995508194,(94.921875, -72.211143708)
1.86006808281,(94.921875, -72.211143708)
1.87018299103,(94.921875, -72.211143708)
1.88031888008,(94.921875, -72.211143708)
1.89045286179,(94.921875, -72.211143708)
1.90058994293,(94.921875, -72.211143708)
1.9107029438,(94.921875, -72.211143708)
1.92086005211,(94.921875, -72.211143708)
1.93097496033,(94.921875, -72.211143708)
1.94108891487,(94.921875, -72.211143708)
1.95120787621,(80.2734375, -72.211143708)
1.96132493019,(80.2734375, -69.536656904)
1.97144198418,(80.2734375, -69.536656904)
1.98156094551,(80.2734375, -69.536656904)
1.99167895317,(80.2734375, -69.536656904)
2.00179505348,(80.2734375, -69.536656904)
2.01190686226,(80.2734375, -69.536656904)
2.02201390266,(80.2734375, -69.536656904)
2.03212594986,(80.2734375, -69.536656904)
2.04223895073,(80.2734375, -69.536656904)
2.05235600471,(80.2734375, -69.536656904)
2.06246900558,(80.2734375, -69.536656904)
2.07260394096,(80.2734375, -69.536656904)
2.08275008202,(80.2734375, -69.536656904)
2.0928850174,(80.2734375, -69.536656904)
2.10301494598,(80.2734375, -69.536656904)
2.11315393448,(80.2734375, -69.536656904)
2.12329387665,(80.2734375, -69.536656904)
2.13341593742,(80.2734375, -69.536656904)
2.14353704453,(80.2734375, -69.536656904)
2.15686297417,(80.2734375, -69.536656904)
2.16697597504,(65.0390625, -69.536656904)
2.17709302902,(65.0390625, -69.536656904)
2.18721199036,(65.0390625, -72.211143708)
2.19731092453,(65.0390625, -72.211143708)
2.20743203163,(65.0390625, -72.211143708)
2.21754789352,(65.0390625, -72.211143708)
2.22766089439,(65.0390625, -72.211143708)
2.23777508736,(65.0390625, -72.211143708)
2.2478890419,(65.0390625, -72.211143708)
2.25800299644,(65.0390625, -72.211143708)
2.26811599731,(65.0390625, -72.211143708)
2.27825307846,(65.0390625, -72.211143708)
2.288367033,(65.0390625, -72.211143708)
2.29848098755,(65.0390625, -72.211143708)
2.30859398842,(65.0390625, -72.211143708)
2.31871008873,(65.0390625, -72.211143708)
2.3288230896,(65.0390625, -72.211143708)
2.33893609047,(65.0390625, -72.211143708)
2.34904098511,(65.0390625, -72.211143708)
2.3591530323,(65.0390625, -72.211143708)
2.36926007271,(65.0390625, -72.211143708)
2.37937688828,(65.0390625, -72.211143708)
2.38946008682,(50.09765625, -72.211143708)
2.39957690239,(50.09765625, -72.211143708)
2.40969204903,(50.09765625, -72.211143708)
2.41985106468,(50.09765625, -72.211143708)
2.42996788025,(50.09765625, -72.211143708)
2.44008088112,(50.09765625, -72.211143708)
2.45019602776,(50.09765625, -72.211143708)
2.46030807495,(50.09765625, -72.211143708)
2.47042107582,(50.09765625, -72.211143708)
2.48053407669,(50.09765625, -72.211143708)
2.49067187309,(50.09765625, -72.211143708)
2.5008058548,(50.09765625, -72.211143708)
2.51091885567,(50.09765625, -72.211143708)
2.52103304863,(50.09765625, -72.211143708)
2.5311460495,(50.09765625, -72.211143708)
2.54125189781,(50.09765625, -72.211143708)
2.55137205124,(50.09765625, -72.211143708)
2.56151008606,(50.09765625, -72.211143708)
2.57162189484,(50.09765625, -72.211143708)
2.58172798157,(50.09765625, -72.211143708)
2.59184193611,(50.09765625, -72.211143708)
2.60195708275,(50.09765625, -72.211143708)
2.61207199097,(50.09765625, -72.211143708)
2.62219285965,(35.7421875, -72.211143708)
2.63230991364,(35.7421875, -69.536656904)
2.6424279213,(35.7421875, -69.536656904)
2.65259289742,(35.7421875, -69.536656904)
2.66273093224,(35.7421875, -69.536656904)
2.67284703255,(35.7421875, -69.536656904)
2.68295907974,(35.7421875, -69.536656904)
2.69304895401,(35.7421875, -69.536656904)
2.70316791534,(35.7421875, -69.536656904)
2.71329903603,(35.7421875, -69.536656904)
2.72345209122,(35.7421875, -69.536656904)
2.73361206055,(35.7421875, -69.536656904)
2.74377202988,(35.7421875, -69.536656904)
2.75391292572,(35.7421875, -69.536656904)
2.76404500008,(35.7421875, -69.536656904)
2.77416205406,(35.7421875, -69.536656904)
2.7842810154,(35.7421875, -69.536656904)
2.79439902306,(35.7421875, -69.536656904)
2.80450606346,(35.7421875, -69.536656904)
2.81462597847,(35.7421875, -69.536656904)
2.82510209084,(35.7421875, -69.536656904)
2.83530688286,(35.7421875, -69.536656904)
2.84550404549,(21.38671875, -69.536656904)
2.85570287704,(21.38671875, -66.8621701)
2.86587285995,(21.38671875, -66.8621701)
2.87600588799,(21.38671875, -66.8621701)
2.8861348629,(21.38671875, -66.8621701)
2.89626097679,(21.38671875, -66.8621701)
2.90642094612,(21.38671875, -66.8621701)
2.91654586792,(21.38671875, -66.8621701)
2.92667293549,(21.38671875, -66.8621701)
2.93680000305,(21.38671875, -66.8621701)
2.94692587852,(21.38671875, -66.8621701)
2.95705199242,(21.38671875, -66.8621701)
2.96717095375,(21.38671875, -66.8621701)
2.97728705406,(21.38671875, -66.8621701)
2.98740100861,(21.38671875, -66.8621701)
2.99750494957,(21.38671875, -66.8621701)
3.00761795044,(21.38671875, -66.8621701)
3.01773190498,(21.38671875, -66.8621701)
3.02784585953,(21.38671875, -66.8621701)
3.03796005249,(21.38671875, -66.8621701)
3.05290293694,(21.38671875, -66.8621701)
3.0630209446,(6.73828125, -66.8621701)
3.07313799858,(6.73828125, -66.8621701)
3.08325600624,(6.73828125, -69.536656904)
3.09333992004,(6.73828125, -69.536656904)
3.10345697403,(6.73828125, -69.536656904)
3.11357688904,(6.73828125, -69.536656904)
3.123691082,(6.73828125, -69.536656904)
3.13380408287,(6.73828125, -69.536656904)
3.14391803741,(6.73828125, -69.536656904)
3.15403389931,(6.73828125, -69.536656904)
3.16415190697,(6.73828125, -69.536656904)
3.1742670536,(6.73828125, -69.536656904)
3.18438005447,(6.73828125, -69.536656904)
3.19449305534,(6.73828125, -69.536656904)
3.20460486412,(6.73828125, -69.536656904)
3.21471405029,(6.73828125, -69.536656904)
3.22482705116,(6.73828125, -69.536656904)
3.23494005203,(6.73828125, -69.536656904)
3.24503707886,(6.73828125, -69.536656904)
3.25688099861,(6.73828125, -69.536656904)
3.26699495316,(6.73828125, -69.536656904)
3.27710199356,(6.73828125, -69.536656904)
3.28721785545,(0.29296875, -69.536656904)
3.29733896255,(0.29296875, -69.536656904)
3.30751490593,(0.29296875, -26.74486804)
3.31767487526,(0.29296875, -26.74486804)
3.3277900219,(0.29296875, -26.74486804)
3.33790802956,(0.29296875, -26.74486804)
3.3480219841,(0.29296875, -26.74486804)
3.35813498497,(0.29296875, -26.74486804)
3.36825108528,(0.29296875, -26.74486804)
3.37836885452,(0.29296875, -26.74486804)
3.38848185539,(0.29296875, -26.74486804)
3.39859485626,(0.29296875, -26.74486804)
3.40870904922,(0.29296875, -26.74486804)
3.41882300377,(0.29296875, -26.74486804)
3.43281602859,(0.29296875, -26.74486804)
3.44293403625,(0.29296875, -26.74486804)
3.4530479908,(0.29296875, -26.74486804)
3.46316099167,(0.29296875, -26.74486804)
3.47327399254,(0.29296875, -26.74486804)
3.48338699341,(0.29296875, -26.74486804)
3.49687504768,(0.29296875, -26.74486804)
3.50700092316,(0.29296875, -26.74486804)
3.51711702347,(0.29296875, -26.74486804)
3.52723789215,(0.29296875, 2.674486804)
3.53735589981,(0.29296875, 2.674486804)
3.54747200012,(0.29296875, 2.674486804)
3.55758404732,(0.29296875, 2.674486804)
3.56769895554,(0.29296875, 2.674486804)
3.57781195641,(0.29296875, 2.674486804)
3.58792591095,(0.29296875, 2.674486804)
3.59803891182,(0.29296875, 2.674486804)
3.60815191269,(0.29296875, 2.674486804)
3.61826896667,(0.29296875, 2.674486804)
3.62838292122,(0.29296875, 2.674486804)
3.63851904869,(0.29296875, 2.674486804)
3.64865398407,(0.29296875, 2.674486804)
3.65879893303,(0.29296875, 2.674486804)
3.66887903214,(0.29296875, 2.674486804)
3.67899298668,(0.29296875, 2.674486804)
3.68910598755,(0.29296875, 2.674486804)
3.69921994209,(0.29296875, 2.674486804)
3.70933389664,(0.29296875, 2.674486804)
3.72488808632,(0.29296875, 2.674486804)
3.73500394821,(0.0, 2.674486804)
3.7451338768,(0.0, 2.674486804)
3.75522899628,(0.0, -2.674486804)
3.7653439045,(0.0, -2.674486804)
3.77546405792,(0.0, -2.674486804)
3.7855758667,(0.0, -2.674486804)
3.79568791389,(0.0, -2.674486804)
3.80580091476,(0.0, -2.674486804)
3.81591391563,(0.0, -2.674486804)
3.8260269165,(0.0, -2.674486804)
3.83613991737,(0.0, -2.674486804)
3.84627509117,(0.0, -2.674486804)
3.85640788078,(0.0, -2.674486804)
3.86654496193,(0.0, -2.674486804)
3.87680387497,(0.0, -2.674486804)
3.88691592216,(0.0, -2.674486804)
3.89702987671,(0.0, -2.674486804)
3.90714097023,(0.0, -2.674486804)
3.91725587845,(0.0, -2.674486804)
3.92736792564,(0.0, -2.674486804)
3.93748092651,(0.0, -2.674486804)
3.94761800766,(0.0, -2.674486804)
3.95775604248,(0.0, -2.674486804)
3.96790885925,(0.0, -2.674486804)
3.97811293602,(0.0, 2.674486804)
3.98828697205,(0.0, 2.674486804)
3.99842190742,(0.0, 2.674486804)
4.00853800774,(0.0, 2.674486804)
4.0186560154,(0.0, 2.674486804)
4.02878308296,(0.0, 2.674486804)
4.03889799118,(0.0, 2.674486804)
4.04901790619,(0.0, 2.674486804)
4.05912804604,(0.0, 2.674486804)
4.06939101219,(0.0, 2.674486804)
4.07964491844,(0.0, 2.674486804)
4.08991909027,(0.0, 2.674486804)
4.1001200676,(0.0, 2.674486804)
4.11023306847,(0.0, 2.674486804)
4.12034106255,(0.0, 2.674486804)
4.13045501709,(0.0, 2.674486804)
4.14057898521,(0.0, 2.674486804)
4.15071487427,(0.0, 2.674486804)
4.16082787514,(0.0, 2.674486804)
4.17093896866,(0.0, 2.674486804)
4.18104505539,(0.0, 2.674486804)
4.19115400314,(0.0, 2.674486804)
4.20126390457,(0.0, -2.674486804)
4.21138906479,(0.0, -2.674486804)
4.22150707245,(0.0, -2.674486804)
4.23162388802,(0.0, -2.674486804)
4.24173593521,(0.0, -2.674486804)
4.25184798241,(0.0, -2.674486804)
4.2619600296,(0.0, -2.674486804)
4.2720720768,(0.0, -2.674486804)
4.28218698502,(0.0, -2.674486804)
4.29232001305,(0.0, -2.674486804)
4.30243396759,(0.0, -2.674486804)
4.31254696846,(0.0, -2.674486804)
4.322660923,(0.0, -2.674486804)
4.3327729702,(0.0, -2.674486804)
4.34288597107,(0.0, -2.674486804)
4.35299801826,(0.0, -2.674486804)
4.36311006546,(0.0, -2.674486804)
4.37321591377,(0.0, -2.674486804)
4.38332605362,(0.0, -2.674486804)
4.3934340477,(0.0, -2.674486804)
4.4035589695,(0.0, -2.674486804)
4.41368198395,(0.0, -2.674486804)
4.4248239994,(0.0, 2.674486804)
4.43494391441,(0.0, 2.674486804)
4.44505786896,(0.0, 2.674486804)
4.45519304276,(0.0, 2.674486804)
4.46530508995,(0.0, 2.674486804)
4.47541689873,(0.0, 2.674486804)
4.4855298996,(0.0, 2.674486804)
4.49564099312,(0.0, 2.674486804)
4.50574588776,(0.0, 2.674486804)
4.51586294174,(0.0, 2.674486804)
4.52597498894,(0.0, 2.674486804)
4.53608798981,(0.0, 2.674486804)
4.54620289803,(0.0, 2.674486804)
4.55632805824,(0.0, 2.674486804)
4.56645703316,(0.0, 2.674486804)
4.5765850544,(0.0, 2.674486804)
4.58671188354,(0.0, 2.674486804)
4.59679508209,(0.0, 2.674486804)
4.60690808296,(0.0, 2.674486804)
4.6208460331,(0.0, 2.674486804)
4.63095808029,(0.29296875, 2.674486804)
4.64107203484,(0.29296875, 2.674486804)
4.6511900425,(0.29296875, -2.674486804)
4.66129899025,(0.29296875, -2.674486804)
4.67141795158,(0.29296875, -2.674486804)
4.68154001236,(0.29296875, -2.674486804)
4.69165301323,(0.29296875, -2.674486804)
4.70176696777,(0.29296875, -2.674486804)
4.71187996864,(0.29296875, -2.674486804)
4.72200298309,(0.29296875, -2.674486804)
4.73211598396,(0.29296875, -2.674486804)
4.74223089218,(0.29296875, -2.674486804)
4.75234389305,(0.29296875, -2.674486804)
4.76245689392,(0.29296875, -2.674486804)
4.77256989479,(0.29296875, -2.674486804)
4.78268408775,(0.29296875, -2.674486804)
4.79279994965,(0.29296875, -2.674486804)
4.80291199684,(0.29296875, -2.674486804)
4.81301903725,(0.29296875, -2.674486804)
4.82313394547,(0.29296875, -2.674486804)
4.83324599266,(0.29296875, -2.674486804)
4.84335803986,(0.29296875, -2.674486804)
4.85347104073,(0.0, -2.674486804)
4.86359000206,(0.0, -2.674486804)
4.87370204926,(0.0, 2.674486804)
4.88382101059,(0.0, 2.674486804)
4.89393901825,(0.0, 2.674486804)
4.90405297279,(0.0, 2.674486804)
4.91416597366,(0.0, 2.674486804)
4.92427706718,(0.0, 2.674486804)
4.93438887596,(0.0, 2.674486804)
4.94450092316,(0.0, 2.674486804)
4.95461297035,(0.0, 2.674486804)
4.9647269249,(0.0, 2.674486804)
4.97483897209,(0.0, 2.674486804)
4.98495006561,(0.0, 2.674486804)
4.99505496025,(0.0, 2.674486804)
5.00519299507,(0.0, 2.674486804)
5.01533102989,(0.0, 2.674486804)
5.02544498444,(0.0, 2.674486804)
5.03555703163,(0.0, 2.674486804)
5.04566788673,(0.0, 2.674486804)
5.0557808876,(0.0, 2.674486804)
5.06587791443,(0.0, 2.674486804)
5.07597303391,(0.0, 2.674486804)
5.08607387543,(0.0, 2.674486804)
5.09620094299,(0.0, -2.674486804)
5.10630297661,(0.0, -2.674486804)
5.11642789841,(0.0, -2.674486804)
5.12653708458,(0.0, -2.674486804)
5.13665103912,(0.0, -2.674486804)
5.14679098129,(0.0, -2.674486804)
5.15704393387,(0.0, -2.674486804)
5.16722798347,(0.0, -2.674486804)
5.17735290527,(0.0, -2.674486804)
5.18750596046,(0.0, -2.674486804)
5.19763803482,(0.0, -2.674486804)
5.20784592628,(0.0, -2.674486804)
5.21803402901,(0.0, -2.674486804)
5.22815990448,(0.0, -2.674486804)
5.23827886581,(0.0, -2.674486804)
5.24840092659,(0.0, -2.674486804)
5.258507967,(0.0, -2.674486804)
5.26861906052,(0.0, -2.674486804)
5.27872896194,(0.0, -2.674486804)
5.28882193565,(0.0, -2.674486804)
5.29891395569,(0.0, -2.674486804)
5.30903697014,(0.0, -2.674486804)
5.31913495064,(0.0, 2.674486804)
5.32924795151,(0.0, 2.674486804)
5.33936285973,(0.0, 2.674486804)
5.34947705269,(0.0, 2.674486804)
5.35959005356,(0.0, 2.674486804)
5.36971306801,(0.0, 2.674486804)
5.37987995148,(0.0, 2.674486804)
5.39001703262,(0.0, 2.674486804)
5.40015292168,(0.0, 2.674486804)
5.41028594971,(0.0, 2.674486804)
5.42039895058,(0.0, 2.674486804)
5.43050098419,(0.0, 2.674486804)
5.44059586525,(0.0, 2.674486804)
5.45070695877,(0.0, 2.674486804)
5.46078586578,(0.0, 2.674486804)
5.47089791298,(0.0, 2.674486804)
5.48103308678,(0.0, 2.674486804)
5.49116587639,(0.0, 2.674486804)
5.50130200386,(0.0, 2.674486804)
5.51284885406,(0.0, 2.674486804)
5.52296805382,(0.0, 2.674486804)
5.53308701515,(0.0, 2.674486804)
5.54320406914,(0.0, -2.674486804)
5.5533349514,(0.0, -2.674486804)
5.56344890594,(0.0, -2.674486804)
5.57355690002,(0.0, -2.674486804)
5.58366990089,(0.0, -2.674486804)
5.59378194809,(0.0, -2.674486804)
5.60406708717,(0.0, -2.674486804)
5.6141679287,(0.0, -2.674486804)
5.62427806854,(0.0, -2.674486804)
5.63438987732,(0.0, -2.674486804)
5.64450001717,(0.0, -2.674486804)
5.65463399887,(0.0, -2.674486804)
5.66476893425,(0.0, -2.674486804)
5.67490386963,(0.0, -2.674486804)
5.68504095078,(0.0, -2.674486804)
5.69517397881,(0.0, -2.674486804)
5.70528888702,(0.0, -2.674486804)
5.71540498734,(0.0, -2.674486804)
5.72551989555,(0.0, -2.674486804)
5.73686099052,(0.0, -2.674486804)
5.74697709084,(0.0, -2.674486804)
5.75708603859,(0.29296875, -2.674486804)
5.76720404625,(0.29296875, 2.674486804)
5.77732491493,(0.29296875, 2.674486804)
5.78744196892,(0.29296875, 2.674486804)
5.79755997658,(0.29296875, 2.674486804)
5.80767297745,(0.29296875, 2.674486804)
5.81778597832,(0.29296875, 2.674486804)
5.82803702354,(0.29296875, 2.674486804)
5.83817195892,(0.29296875, 2.674486804)
5.84830904007,(0.29296875, 2.674486804)
5.85844492912,(0.29296875, 2.674486804)
5.86858201027,(0.29296875, 2.674486804)
5.8787009716,(0.29296875, 2.674486804)
5.88880586624,(0.29296875, 2.674486804)
5.89891695976,(0.29296875, 2.674486804)
5.90903496742,(0.29296875, 2.674486804)
5.91911387444,(0.29296875, 2.674486804)
5.92922306061,(0.29296875, 2.674486804)
5.93932890892,(0.29296875, 2.674486804)
5.94944095612,(0.29296875, 2.674486804)
5.95955395699,(0.29296875, 2.674486804)
5.96967387199,(0.29296875, 2.674486804)
5.97979187965,(0.0, 2.674486804)
5.9899520874,(0.0, -2.674486804)
6.00011301041,(0.0, -2.674486804)
6.01017189026,(0.0, -2.674486804)
6.02028489113,(0.0, -2.674486804)
6.03039097786,(0.0, -2.674486804)
6.0405049324,(0.0, -2.674486804)
6.05061793327,(0.0, -2.674486804)
6.06073307991,(0.0, -2.674486804)
6.07084488869,(0.0, -2.674486804)
6.08095788956,(0.0, -2.674486804)
6.09107089043,(0.0, -2.674486804)
6.10119485855,(0.0, -2.674486804)
6.11130785942,(0.0, -2.674486804)
6.12141990662,(0.0, -2.674486804)
6.131524086,(0.0, -2.674486804)
6.14163994789,(0.0, -2.674486804)
6.15175199509,(0.0, -2.674486804)
6.16186785698,(0.0, -2.674486804)
6.17196702957,(0.0, -2.674486804)
6.18207907677,(0.0, -2.674486804)
6.19216609001,(0.0, -2.674486804)
6.2023088932,(0.0, -2.674486804)
6.21246004105,(0.0, 2.674486804)
6.22256302834,(0.0, 2.674486804)
6.23268508911,(0.0, 2.674486804)
6.24280405045,(0.0, 2.674486804)
6.25291204453,(0.0, 2.674486804)
6.26302504539,(0.0, 2.674486804)
6.27313804626,(0.0, 2.674486804)
6.28324890137,(0.0, 2.674486804)
6.29334902763,(0.0, 2.674486804)
6.30347204208,(0.0, 2.674486804)
6.31359601021,(0.0, 2.674486804)
6.32385802269,(0.0, 2.674486804)
6.33402490616,(0.0, 2.674486804)
6.34415102005,(0.0, 2.674486804)
6.35428190231,(0.0, 2.674486804)
6.36441206932,(0.0, 2.674486804)
6.3745880127,(0.0, 2.674486804)
6.3848669529,(0.0, 2.674486804)
6.39500308037,(0.0, 2.674486804)
6.40887093544,(0.0, 2.674486804)
6.41899895668,(0.0, 2.674486804)
6.42916202545,(0.0, 2.674486804)
6.43927907944,(0.0, -2.674486804)
6.44940900803,(0.0, -2.674486804)
6.45953297615,(0.0, -2.674486804)
6.46971607208,(0.0, -2.674486804)
6.4799079895,(0.0, -2.674486804)
6.49010586739,(0.0, -2.674486804)
6.50026607513,(0.0, -2.674486804)
6.51038002968,(0.0, -2.674486804)
6.52049303055,(0.0, -2.674486804)
6.53060388565,(0.0, -2.674486804)
6.54070997238,(0.0, -2.674486804)
6.55082297325,(0.0, -2.674486804)
6.56093502045,(0.0, -2.674486804)
6.57104587555,(0.0, -2.674486804)
6.58115887642,(0.0, -2.674486804)
6.59129095078,(0.0, -2.674486804)
6.60142993927,(0.0, -2.674486804)
6.61169695854,(0.0, -2.674486804)
6.62183499336,(0.0, -2.674486804)
6.63200497627,(0.0, -2.674486804)
6.64214706421,(0.0, -2.674486804)
6.65226697922,(0.0, -2.674486804)
6.66237902641,(0.0, 2.674486804)
6.67249894142,(0.0, 2.674486804)
6.68261289597,(0.0, 2.674486804)
6.69272589684,(0.0, 2.674486804)
6.70283889771,(0.0, 2.674486804)
6.7129778862,(0.0, 2.674486804)
6.72311091423,(0.0, 2.674486804)
6.7332470417,(0.0, 2.674486804)
6.74338507652,(0.0, 2.674486804)
6.75351786613,(0.0, 2.674486804)
6.76365494728,(0.0, 2.674486804)
6.77379202843,(0.0, 2.674486804)
6.78392386436,(0.0, 2.674486804)
6.79403996468,(0.0, 2.674486804)
6.80415701866,(0.0, 2.674486804)
6.8142619133,(0.0, 2.674486804)
6.82437086105,(0.0, 2.674486804)
6.83448290825,(0.0, 2.674486804)
6.8445930481,(0.0, 2.674486804)
6.85680890083,(0.0, 2.674486804)
6.86692786217,(0.0, 2.674486804)
6.87704586983,(0.29296875, 2.674486804)
6.88716387749,(0.29296875, -2.674486804)
6.89728689194,(0.29296875, -2.674486804)
6.9074048996,(0.29296875, -2.674486804)
6.91752004623,(0.29296875, -2.674486804)
6.92763590813,(0.29296875, -2.674486804)
6.93775105476,(0.29296875, -2.674486804)
6.94788789749,(0.29296875, -2.674486804)
6.9580218792,(0.29296875, -2.674486804)
6.96815896034,(0.29296875, -2.674486804)
6.97829294205,(0.29296875, -2.674486804)
6.98843002319,(0.29296875, -2.674486804)
6.99856805801,(0.29296875, -2.674486804)
7.00870299339,(0.29296875, -2.674486804)
7.01885104179,(0.29296875, -2.674486804)
7.02896785736,(0.29296875, -2.674486804)
7.03908205032,(0.29296875, -2.674486804)
7.04924607277,(0.29296875, -2.674486804)
7.05977392197,(0.29296875, -2.674486804)
7.06995892525,(0.29296875, -2.674486804)
7.08012795448,(0.29296875, -2.674486804)
7.09029388428,(0.29296875, -2.674486804)
7.10046291351,(0.0, -2.674486804)
7.1106159687,(0.0, 2.674486804)
7.12076807022,(0.0, 2.674486804)
7.13088297844,(0.0, 2.674486804)
7.14099597931,(0.0, 2.674486804)
7.15110898018,(0.0, 2.674486804)
7.16124486923,(0.0, 2.674486804)
7.17134904861,(0.0, 2.674486804)
7.18146586418,(0.0, 2.674486804)
7.19157791138,(0.0, 2.674486804)
7.20169091225,(0.0, 2.674486804)
7.21183896065,(0.0, 2.674486804)
7.22202086449,(0.0, 2.674486804)
7.23220086098,(0.0, 2.674486804)
7.24237990379,(0.0, 2.674486804)
7.25253200531,(0.0, 2.674486804)
7.26268386841,(0.0, 2.674486804)
7.27277493477,(0.0, 2.674486804)
7.28289890289,(0.0, 2.674486804)
7.29301190376,(0.0, 2.674486804)
7.30312299728,(0.0, 2.674486804)
7.31323289871,(0.0, 2.674486804)
7.3233499527,(0.0, 2.674486804)
7.33346390724,(0.0, 0.0)
7.34357595444,(0.0, 0.0)
7.35368204117,(0.0, 0.0)
7.36378788948,(0.0, 0.0)
7.373898983,(0.0, 0.0)
7.38401007652,(0.0, 0.0)
7.39412093163,(0.0, 0.0)
7.40423297882,(0.0, 0.0)
7.41434502602,(0.0, 0.0)
7.42445802689,(0.0, 0.0)
7.43456888199,(0.0, 0.0)
7.44467997551,(0.0, 0.0)
7.45478987694,(0.0, 0.0)
7.46492004395,(0.0, 0.0)
7.47689199448,(0.0, 0.0)
7.4870018959,(0.0, 0.0)
7.49711894989,(0.0, 0.0)
7.50764608383,(0.0, 0.0)
7.51780295372,(0.0, 0.0)
7.52886390686,(0.0, 0.0)
7.54087305069,(0.0, 0.0)
7.55111789703,(0.0, 0.0)
7.56131005287,(0.0, 2.674486804)
7.57141685486,(0.0, 2.674486804)
7.5815320015,(0.0, 2.674486804)
7.59164500237,(0.0, 2.674486804)
7.60175800323,(0.0, 2.674486804)
7.61186885834,(0.0, 2.674486804)
7.62200593948,(0.0, 2.674486804)
7.63212108612,(0.0, 2.674486804)
7.64225387573,(0.0, 2.674486804)
7.65244007111,(0.0, 2.674486804)
7.66258192062,(0.0, 2.674486804)
7.67271399498,(0.0, 2.674486804)
7.68281698227,(0.0, 2.674486804)
7.69293189049,(0.0, 2.674486804)
7.70304393768,(0.0, 2.674486804)
7.71315598488,(0.0, 2.674486804)
7.72326898575,(0.0, 2.674486804)
7.7334048748,(0.0, 2.674486804)
7.74351191521,(0.0, 2.674486804)
7.75364303589,(0.0, 2.674486804)
7.76377701759,(0.0, 2.674486804)
7.77389192581,(0.0, 2.674486804)
7.78402590752,(0.0, -2.674486804)
7.79414892197,(0.0, -2.674486804)
7.8042678833,(0.0, -2.674486804)
7.81438302994,(0.0, -2.674486804)
7.82449603081,(0.0, -2.674486804)
7.83460998535,(0.0, -2.674486804)
7.8447458744,(0.0, -2.674486804)
7.85487890244,(0.0, -2.674486804)
7.86501908302,(0.0, -2.674486804)
7.87509799004,(0.0, -2.674486804)
7.88520503044,(0.0, -2.674486804)
7.89531993866,(0.0, -2.674486804)
7.90543198586,(0.0, -2.674486804)
7.91554498672,(0.0, -2.674486804)
7.92568087578,(0.0, -2.674486804)
7.93581390381,(0.0, -2.674486804)
7.94594788551,(0.0, -2.674486804)
7.95608496666,(0.0, -2.674486804)
7.96621704102,(0.0, -2.674486804)
7.97633099556,(0.0, -2.674486804)
7.98644304276,(0.0, -2.674486804)
7.99656200409,(0.29296875, -2.674486804)
8.00672888756,(0.29296875, 0.0)
8.01689195633,(0.29296875, 0.0)
8.0270049572,(0.29296875, 0.0)
8.03714394569,(0.29296875, 0.0)
8.04727697372,(0.29296875, 0.0)
8.0574119091,(0.29296875, 0.0)
8.06754803658,(0.29296875, 0.0)
8.07766103745,(0.29296875, 0.0)
8.08777403831,(0.29296875, 0.0)
8.09788799286,(0.29296875, 0.0)
8.10799908638,(0.29296875, 0.0)
8.11811208725,(0.29296875, 0.0)
8.12822508812,(0.29296875, 0.0)
8.13836193085,(0.29296875, 0.0)
8.14849805832,(0.29296875, 0.0)
8.15863108635,(0.29296875, 0.0)
8.16875100136,(0.29296875, 0.0)
8.17884898186,(0.29296875, 0.0)
8.18897604942,(0.29296875, 0.0)
8.19909787178,(0.29296875, 0.0)
8.20922088623,(0.29296875, 0.0)
8.21933102608,(0.29296875, 0.0)
8.22944688797,(0.29296875, -2.674486804)
8.2395939827,(0.29296875, -2.674486804)
8.24974989891,(0.29296875, -2.674486804)
8.25986385345,(0.29296875, -2.674486804)
8.26997804642,(0.29296875, -2.674486804)
8.28008294106,(0.29296875, -2.674486804)
8.29019594193,(0.29296875, -2.674486804)
8.30030894279,(0.29296875, -2.674486804)
8.31042194366,(0.29296875, -2.674486804)
8.32053589821,(0.29296875, -2.674486804)
8.33065009117,(0.29296875, -2.674486804)
8.3407869339,(0.29296875, -2.674486804)
8.3509209156,(0.29296875, -2.674486804)
8.36103606224,(0.29296875, -2.674486804)
8.37115001678,(0.29296875, -2.674486804)
8.38126301765,(0.29296875, -2.674486804)
8.39137506485,(0.29296875, -2.674486804)
8.40148806572,(0.29296875, -2.674486804)
8.41162395477,(0.29296875, -2.674486804)
8.42485690117,(0.29296875, -2.674486804)
8.43494391441,(0.0, -2.674486804)
8.44505691528,(0.0, -2.674486804)
8.45517086983,(0.0, 2.674486804)
8.46529388428,(0.0, 2.674486804)
8.47541093826,(0.0, 2.674486804)
8.48552298546,(0.0, 2.674486804)
8.49564790726,(0.0, 2.674486804)
8.50575995445,(0.0, 2.674486804)
8.51587200165,(0.0, 2.674486804)
8.52598404884,(0.0, 2.674486804)
8.53609704971,(0.0, 2.674486804)
8.54621005058,(0.0, 2.674486804)
8.55634689331,(0.0, 2.674486804)
8.56645989418,(0.0, 2.674486804)
8.57657194138,(0.0, 2.674486804)
8.58668398857,(0.0, 2.674486804)
8.59679698944,(0.0, 2.674486804)
8.60690808296,(0.0, 2.674486804)
8.61702108383,(0.0, 2.674486804)
8.62713193893,(0.0, 2.674486804)
8.6372449398,(0.0, 2.674486804)
8.64735603333,(0.0, 2.674486804)
8.65747189522,(0.0, 2.674486804)
8.66759085655,(0.0, 2.674486804)
8.67770695686,(0.0, 0.0)
8.68782496452,(0.0, 0.0)
8.69793605804,(0.0, 0.0)
8.70804595947,(0.0, 0.0)
8.7181558609,(0.0, 0.0)
8.7282679081,(0.0, 0.0)
8.73836803436,(0.0, 0.0)
8.74850606918,(0.0, 0.0)
8.75864100456,(0.0, 0.0)
8.76874709129,(0.0, 0.0)
8.77887105942,(0.0, 0.0)
8.78896808624,(0.0, 0.0)
8.7990899086,(0.0, 0.0)
8.80929398537,(0.0, 0.0)
8.82078289986,(0.0, 0.0)
8.83089208603,(0.0, 0.0)
8.84110188484,(0.0, 0.0)
8.85128307343,(0.0, 0.0)
8.86139297485,(0.0, 0.0)
8.87152504921,(0.0, 0.0)
8.88164806366,(0.0, 0.0)
8.89189505577,(0.0, 0.0)
8.90208697319,(0.0, 2.674486804)
8.91222906113,(0.0, 2.674486804)
8.92233800888,(0.0, 2.674486804)
8.93245792389,(0.0, 2.674486804)
8.94257998466,(0.0, 2.674486804)
8.95278096199,(0.0, 2.674486804)
8.96297693253,(0.0, 2.674486804)
8.97314786911,(0.0, 2.674486804)
8.983314991,(0.0, 2.674486804)
8.99343895912,(0.0, 2.674486804)
9.0035610199,(0.0, 2.674486804)
9.01368904114,(0.0, 2.674486804)
9.02388000488,(0.0, 2.674486804)
9.03404688835,(0.0, 2.674486804)
9.04416799545,(0.0, 2.674486804)
9.05427908897,(0.0, 2.674486804)
9.06439089775,(0.0, 2.674486804)
9.07448601723,(0.0, 2.674486804)
9.08459806442,(0.0, 2.674486804)
9.09681606293,(0.0, 2.674486804)
9.10883188248,(0.0, 2.674486804)
9.1190199852,(0.0, 2.674486804)
9.12922000885,(0.0, -2.674486804)
9.13933300972,(0.0, -2.674486804)
9.14944601059,(0.0, -2.674486804)
9.15955805779,(0.0, -2.674486804)
9.16967105865,(0.0, -2.674486804)
9.17978191376,(0.0, -2.674486804)
9.18991804123,(0.0, -2.674486804)
9.20005106926,(0.0, -2.674486804)
9.21018695831,(0.0, -2.674486804)
9.2202808857,(0.0, -2.674486804)
9.23038005829,(0.0, -2.674486804)
9.24050188065,(0.0, -2.674486804)
9.25060987473,(0.0, -2.674486804)
9.2607228756,(0.0, -2.674486804)
9.27083587646,(0.0, -2.674486804)
9.28094792366,(0.0, -2.674486804)
9.29106092453,(0.0, -2.674486804)
9.30116605759,(0.0, -2.674486804)
9.31127905846,(0.0, -2.674486804)
9.32138490677,(0.0, -2.674486804)
9.33149504662,(0.29296875, -2.674486804)
9.34160685539,(0.29296875, -2.674486804)
9.3517229557,(0.29296875, 0.0)
9.36184287071,(0.29296875, 0.0)
9.37195587158,(0.29296875, 0.0)
9.38206887245,(0.29296875, 0.0)
9.39218091965,(0.29296875, 0.0)
9.40229296684,(0.29296875, 0.0)
9.41240406036,(0.29296875, 0.0)
9.42249703407,(0.29296875, 0.0)
9.43262195587,(0.29296875, 0.0)
9.44272899628,(0.29296875, 0.0)
9.45284295082,(0.29296875, 0.0)
9.46295690536,(0.29296875, 0.0)
9.47306895256,(0.29296875, 0.0)
9.48318195343,(0.29296875, 0.0)
9.4933180809,(0.29296875, 0.0)
9.50343108177,(0.29296875, 0.0)
9.51356196404,(0.29296875, 0.0)
9.52368497849,(0.29296875, 0.0)
9.53379797935,(0.29296875, 0.0)
9.54391002655,(0.29296875, 0.0)
9.55403399467,(0.29296875, 0.0)
9.56415104866,(0.0, 0.0)
9.57435488701,(0.0, 0.0)
9.58452105522,(0.0, 0.0)
9.59463191032,(0.0, 0.0)
9.60473799706,(0.0, 0.0)
9.61485004425,(0.0, 0.0)
9.62496089935,(0.0, 0.0)
9.63507008553,(0.0, 0.0)
9.6451818943,(0.0, 0.0)
9.65528988838,(0.0, 0.0)
9.665391922,(0.0, 0.0)
9.67549991608,(0.0, 0.0)
9.68561196327,(0.0, 0.0)
9.69572305679,(0.0, 0.0)
9.7058339119,(0.0, 0.0)
9.71594405174,(0.0, 0.0)
9.7260620594,(0.0, 0.0)
9.73617887497,(0.0, 0.0)
9.7462580204,(0.0, 0.0)
9.7563688755,(0.0, 0.0)
9.76648592949,(0.0, 0.0)
9.7765789032,(0.0, 0.0)
9.78669905663,(0.0, 0.0)
9.79684400558,(0.0, 2.674486804)
9.80703401566,(0.0, 2.674486804)
9.81719994545,(0.0, 2.674486804)
9.82731294632,(0.0, 2.674486804)
9.83742785454,(0.0, 2.674486804)
9.84753990173,(0.0, 2.674486804)
9.8576529026,(0.0, 2.674486804)
9.86778998375,(0.0, 2.674486804)
9.8779270649,(0.0, 2.674486804)
9.88805985451,(0.0, 2.674486804)
9.89819693565,(0.0, 2.674486804)
9.90831208229,(0.0, 2.674486804)
9.91842508316,(0.0, 2.674486804)
9.92853808403,(0.0, 2.674486804)
9.93864893913,(0.0, 2.674486804)
9.94876289368,(0.0, 2.674486804)
9.95887494087,(0.0, 2.674486804)
9.96898794174,(0.0, 2.674486804)
9.97912287712,(0.0, 2.674486804)
9.99288105965,(0.0, 2.674486804)
10.0029900074,(0.0, 2.674486804)
10.0131099224,(0.0, 2.674486804)
10.0233139992,(0.0, 0.0)
10.0335068703,(0.0, 0.0)
10.0436279774,(0.0, 0.0)
10.053732872,(0.0, 0.0)
10.0638449192,(0.0, 0.0)
10.0751788616,(0.0, 0.0)
10.0854170322,(0.0, 0.0)
10.0955300331,(0.0, 0.0)
10.1056480408,(0.0, 0.0)
10.1157739162,(0.0, 0.0)
10.1258850098,(0.0, 0.0)
10.1360220909,(0.0, 0.0)
10.1461439133,(0.0, 0.0)
10.1562409401,(0.0, 0.0)
10.1663720608,(0.0, 0.0)
10.1764900684,(0.0, 0.0)
10.1866769791,(0.0, 0.0)
10.1968328953,(0.0, 0.0)
10.2070980072,(0.0, 0.0)
10.2173190117,(0.0, 0.0)
10.2274320126,(0.0, 0.0)
10.2375469208,(0.0, 0.0)
10.2476680279,(0.0, -2.674486804)
10.2579739094,(0.0, -2.674486804)
10.2681500912,(0.0, -2.674486804)
10.2782690525,(0.0, -2.674486804)
10.2884118557,(0.0, -2.674486804)
10.2985239029,(0.0, -2.674486804)
10.3088140488,(0.0, -2.674486804)
10.3189609051,(0.0, -2.674486804)
10.3290829659,(0.0, -2.674486804)
10.3391849995,(0.0, -2.674486804)
10.3493070602,(0.0, -2.674486804)
10.3594360352,(0.0, -2.674486804)
10.3695969582,(0.0, -2.674486804)
10.3797650337,(0.0, -2.674486804)
10.3899879456,(0.0, -2.674486804)
10.4001710415,(0.0, -2.674486804)
10.4102950096,(0.0, -2.674486804)
10.4204149246,(0.0, -2.674486804)
10.4305238724,(0.0, -2.674486804)
10.4406349659,(0.0, -2.674486804)
10.4507479668,(0.29296875, -2.674486804)
10.4608619213,(0.29296875, -2.674486804)
10.4709749222,(0.29296875, -2.674486804)
10.4811000824,(0.29296875, -2.674486804)
10.4912180901,(0.29296875, -2.674486804)
10.5013320446,(0.29296875, -2.674486804)
10.5114459991,(0.29296875, -2.674486804)
10.5215599537,(0.29296875, -2.674486804)
10.5316729546,(0.29296875, -2.674486804)
10.5417859554,(0.29296875, -2.674486804)
10.5518980026,(0.29296875, -2.674486804)
10.5620100498,(0.29296875, -2.674486804)
10.5721230507,(0.29296875, -2.674486804)
10.5822370052,(0.29296875, -2.674486804)
10.5923509598,(0.29296875, -2.674486804)
10.6024880409,(0.29296875, -2.674486804)
10.6126289368,(0.29296875, -2.674486804)
10.6227219105,(0.29296875, -2.674486804)
10.6328439713,(0.29296875, -2.674486804)
10.6429579258,(0.29296875, -2.674486804)
10.6530718803,(0.29296875, -2.674486804)
10.664880991,(0.29296875, -2.674486804)
10.6750099659,(0.0, -2.674486804)
10.6851449013,(0.0, -2.674486804)
10.6952838898,(0.0, 2.674486804)
10.70540905,(0.0, 2.674486804)
10.7155249119,(0.0, 2.674486804)
10.7256369591,(0.0, 2.674486804)
10.7357490063,(0.0, 2.674486804)
10.7458610535,(0.0, 2.674486804)
10.7559719086,(0.0, 2.674486804)
10.7660849094,(0.0, 2.674486804)
10.7761979103,(0.0, 2.674486804)
10.7863330841,(0.0, 2.674486804)
10.7964658737,(0.0, 2.674486804)
10.8065998554,(0.0, 2.674486804)
10.8167350292,(0.0, 2.674486804)
10.8268718719,(0.0, 2.674486804)
10.8369810581,(0.0, 2.674486804)
10.847094059,(0.0, 2.674486804)
10.8572080135,(0.0, 2.674486804)
10.8673188686,(0.0, 2.674486804)
10.8774318695,(0.0, 2.674486804)
10.8875439167,(0.0, 2.674486804)
10.8977708817,(0.0, 2.674486804)
10.9078860283,(0.0, 2.674486804)
10.9180018902,(0.0, 0.0)
10.9281160831,(0.0, 0.0)
10.9382300377,(0.0, 0.0)
10.9483408928,(0.0, 0.0)
10.95845294,(0.0, 0.0)
10.9685649872,(0.0, 0.0)
10.9786748886,(0.0, 0.0)
10.9887859821,(0.0, 0.0)
10.9989199638,(0.0, 0.0)
11.0090520382,(0.0, 0.0)
11.019190073,(0.0, 0.0)
11.0293259621,(0.0, 0.0)
11.0394558907,(0.0, 0.0)
11.0495679379,(0.0, 0.0)
11.0596768856,(0.0, 0.0)
11.0697879791,(0.0, 0.0)
11.0798990726,(0.0, 0.0)
11.0900318623,(0.0, 0.0)
11.1001648903,(0.0, 0.0)
11.1128790379,(0.0, 0.0)
11.1229929924,(0.0, 0.0)
11.1331069469,(0.0, 0.0)
11.1432230473,(0.0, -2.674486804)
11.1534039974,(0.0, -2.674486804)
11.1635248661,(0.0, -2.674486804)
11.1736400127,(0.0, -2.674486804)
11.1837520599,(0.0, -2.674486804)
11.1938650608,(0.0, -2.674486804)
11.2039768696,(0.0, -2.674486804)
11.2140870094,(0.0, -2.674486804)
11.224200964,(0.0, -2.674486804)
11.2343189716,(0.0, -2.674486804)
11.2444300652,(0.0, -2.674486804)
11.254543066,(0.0, -2.674486804)
11.2646639347,(0.0, -2.674486804)
11.2747769356,(0.0, -2.674486804)
11.2848770618,(0.0, -2.674486804)
11.2949690819,(0.0, -2.674486804)
11.3050630093,(0.0, -2.674486804)
11.3151619434,(0.0, -2.674486804)
11.3252530098,(0.0, -2.674486804)
11.3353588581,(0.0, -2.674486804)
11.3455739021,(0.0, -2.674486804)
11.3556559086,(0.0, -2.674486804)
11.3657670021,(0.0, -2.674486804)
11.3758890629,(0.0, -2.674486804)
11.3860490322,(0.0, -2.674486804)
11.3961899281,(0.0, -2.674486804)
11.4063558578,(0.0, -2.674486804)
11.4165420532,(0.0, -2.674486804)
11.426651001,(0.0, -2.674486804)
11.4367558956,(0.0, -2.674486804)
11.4468579292,(0.0, -2.674486804)
11.4569680691,(0.0, -2.674486804)
11.4670929909,(0.0, -2.674486804)
11.4772150517,(0.0, -2.674486804)
11.4873359203,(0.0, -2.674486804)
11.4974579811,(0.0, -2.674486804)
11.5088870525,(0.0, -2.674486804)
11.5189890862,(0.0, -2.674486804)
11.529102087,(0.0, -2.674486804)
11.5392580032,(0.0, -2.674486804)
11.5493938923,(0.0, -2.674486804)
11.5595068932,(0.0, -2.674486804)
11.5698239803,(0.29296875, -2.674486804)
11.5800149441,(0.29296875, -2.674486804)
11.5901989937,(0.29296875, 0.0)
11.6003799438,(0.29296875, 0.0)
11.6105079651,(0.29296875, 0.0)
11.6206269264,(0.29296875, 0.0)
11.630753994,(0.29296875, 0.0)
11.6409180164,(0.29296875, 0.0)
11.6510989666,(0.29296875, 0.0)
11.6612238884,(0.29296875, 0.0)
11.6713459492,(0.29296875, 0.0)
11.6814248562,(0.29296875, 0.0)
11.6915359497,(0.29296875, 0.0)
11.7016489506,(0.29296875, 0.0)
11.7117609978,(0.29296875, 0.0)
11.721873045,(0.29296875, 0.0)
11.7319860458,(0.29296875, 0.0)
11.7421000004,(0.29296875, 0.0)
11.7522120476,(0.29296875, 0.0)
11.7623229027,(0.29296875, 0.0)
11.7724339962,(0.29296875, 0.0)
11.7848389149,(0.29296875, 0.0)
11.7949750423,(0.0, 0.0)
11.8050839901,(0.0, 0.0)
11.8152000904,(0.0, 2.674486804)
11.8288888931,(0.0, 2.674486804)
11.8389780521,(0.0, 2.674486804)
11.84907794,(0.0, 2.674486804)
11.8591890335,(0.0, 2.674486804)
11.8693020344,(0.0, 2.674486804)
11.8794150352,(0.0, 2.674486804)
11.8894929886,(0.0, 2.674486804)
11.8996059895,(0.0, 2.674486804)
11.9097418785,(0.0, 2.674486804)
11.9198739529,(0.0, 2.674486804)
11.9299609661,(0.0, 2.674486804)
11.9400758743,(0.0, 2.674486804)
11.9501869678,(0.0, 2.674486804)
11.9602999687,(0.0, 2.674486804)
11.9704110622,(0.0, 2.674486804)
11.9805219173,(0.0, 2.674486804)
11.9906339645,(0.0, 2.674486804)
12.0007460117,(0.0, 2.674486804)
12.0108590126,(0.0, 2.674486804)
12.0209760666,(0.0, 2.674486804)
12.0311079025,(0.0, 2.674486804)
12.0412800312,(0.0, 2.674486804)
12.0514318943,(0.0, 2.674486804)
12.0615439415,(0.0, 2.674486804)
12.0716569424,(0.0, 2.674486804)
12.0817670822,(0.0, 2.674486804)
12.091878891,(0.0, 2.674486804)
12.1020159721,(0.0, 2.674486804)
12.1121480465,(0.0, 2.674486804)
12.1222839355,(0.0, 2.674486804)
12.132420063,(0.0, 2.674486804)
12.1425540447,(0.0, 2.674486804)
12.1526758671,(0.0, 2.674486804)
12.1627850533,(0.0, 2.674486804)
12.1729059219,(0.0, 2.674486804)
12.1830220222,(0.0, 2.674486804)
12.1932070255,(0.0, 2.674486804)
12.2033190727,(0.0, 2.674486804)
12.2134320736,(0.0, 2.674486804)
12.2235429287,(0.0, 2.674486804)
12.2336790562,(0.0, 2.674486804)
12.2437939644,(0.0, 2.674486804)
12.253911972,(0.0, 2.674486804)
12.2640259266,(0.0, 0.0)
12.2741808891,(0.0, 0.0)
12.2843248844,(0.0, 0.0)
12.2944750786,(0.0, 0.0)
12.3046200275,(0.0, 0.0)
12.3147699833,(0.0, 0.0)
12.3249189854,(0.0, 0.0)
12.3350670338,(0.0, 0.0)
12.345195055,(0.0, 0.0)
12.3553218842,(0.0, 0.0)
12.3654339314,(0.0, 0.0)
12.3755578995,(0.0, 0.0)
12.3888590336,(0.0, 0.0)
12.3989729881,(0.0, 0.0)
12.4090850353,(0.0, 0.0)
12.4191958904,(0.0, 0.0)
12.4293088913,(0.0, 0.0)
12.4393889904,(0.0, 0.0)
12.4528849125,(0.0, 0.0)
12.4630119801,(0.0, 0.0)
12.4730949402,(0.0, 0.0)
12.4832129478,(0.0, -2.674486804)
12.4933309555,(0.0, -2.674486804)
12.5034608841,(0.0, -2.674486804)
12.5135729313,(0.0, -2.674486804)
12.5236859322,(0.0, -2.674486804)
12.533798933,(0.0, -2.674486804)
12.5439109802,(0.0, -2.674486804)
12.5540468693,(0.0, -2.674486804)
12.5641829967,(0.0, -2.674486804)
12.5743160248,(0.0, -2.674486804)
12.584428072,(0.0, -2.674486804)
12.5945389271,(0.0, -2.674486804)
12.6046180725,(0.0, -2.674486804)
12.6147298813,(0.0, -2.674486804)
12.6248509884,(0.0, -2.674486804)
12.6349718571,(0.0, -2.674486804)
12.6450719833,(0.0, -2.674486804)
12.6551830769,(0.0, -2.674486804)
12.6653108597,(0.0, -2.674486804)
12.6769070625,(0.0, -2.674486804)
12.6870520115,(0.0, -2.674486804)
12.6971790791,(0.29296875, -2.674486804)
12.7072939873,(0.29296875, -2.674486804)
12.7174079418,(0.29296875, -2.674486804)
12.7275350094,(0.29296875, -2.674486804)
12.7376539707,(0.29296875, -2.674486804)
12.7477860451,(0.29296875, -2.674486804)
12.7579779625,(0.29296875, -2.674486804)
12.7681510448,(0.29296875, -2.674486804)
12.7782719135,(0.29296875, -2.674486804)
12.788394928,(0.29296875, -2.674486804)
12.7985248566,(0.29296875, -2.674486804)
12.8086280823,(0.29296875, -2.674486804)
12.8187520504,(0.29296875, -2.674486804)
12.8289060593,(0.29296875, -2.674486804)
12.8390100002,(0.29296875, -2.674486804)
12.8491048813,(0.29296875, -2.674486804)
12.8592278957,(0.29296875, -2.674486804)
12.8694140911,(0.29296875, -2.674486804)
12.8796069622,(0.29296875, -2.674486804)
12.88971591,(0.29296875, -2.674486804)
12.9008638859,(0.29296875, -2.674486804)
12.9110040665,(0.29296875, -2.674486804)
12.9211509228,(0.0, -2.674486804)
12.9312670231,(0.0, 0.0)
12.9414920807,(0.0, 0.0)
12.9516589642,(0.0, 0.0)
12.9617700577,(0.0, 0.0)
12.9718799591,(0.0, 0.0)
12.9819920063,(0.0, 0.0)
12.9920969009,(0.0, 0.0)
13.0022010803,(0.0, 0.0)
13.0123100281,(0.0, 0.0)
13.0224199295,(0.0, 0.0)
13.032531023,(0.0, 0.0)
13.0426430702,(0.0, 0.0)
13.0527250767,(0.0, 0.0)
13.0628380775,(0.0, 0.0)
13.0729539394,(0.0, 0.0)
13.0830659866,(0.0, 0.0)
13.0931460857,(0.0, 0.0)
13.1032779217,(0.0, 0.0)
13.1134140491,(0.0, 0.0)
13.1248350143,(0.0, 0.0)
13.1349599361,(0.0, 0.0)
13.1450769901,(0.0, 0.0)
13.1551930904,(0.0, 2.674486804)
13.1653180122,(0.0, 2.674486804)
13.1754369736,(0.0, 2.674486804)
13.185544014,(0.0, 2.674486804)
13.1956548691,(0.0, 2.674486804)
13.2057669163,(0.0, 2.674486804)
13.2158780098,(0.0, 2.674486804)
13.2259850502,(0.0, 2.674486804)
13.2360959053,(0.0, 2.674486804)
13.2462089062,(0.0, 2.674486804)
13.2563240528,(0.0, 2.674486804)
13.2664358616,(0.0, 2.674486804)
13.2765488625,(0.0, 2.674486804)
13.2866618633,(0.0, 2.674486804)
13.3009169102,(0.0, 2.674486804)
13.3110289574,(0.0, 2.674486804)
13.3211419582,(0.0, 2.674486804)
13.3312540054,(0.0, 2.674486804)
13.3413670063,(0.0, 2.674486804)
13.3514778614,(0.0, 2.674486804)
13.3648340702,(0.0, 2.674486804)
13.3750319481,(0.0, 2.674486804)
13.385176897,(0.0, -2.674486804)
13.39529109,(0.0, -2.674486804)
13.4053928852,(0.0, -2.674486804)
13.4154748917,(0.0, -2.674486804)
13.425590992,(0.0, -2.674486804)
13.4357130527,(0.0, -2.674486804)
13.4458260536,(0.0, -2.674486804)
13.4559390545,(0.0, -2.674486804)
13.4660520554,(0.0, -2.674486804)
13.4761638641,(0.0, -2.674486804)
13.486276865,(0.0, -2.674486804)
13.4963889122,(0.0, -2.674486804)
13.5065009594,(0.0, -2.674486804)
13.5166139603,(0.0, -2.674486804)
13.5267260075,(0.0, -2.674486804)
13.5368368626,(0.0, -2.674486804)
13.5469489098,(0.0, -2.674486804)
13.557060957,(0.0, -2.674486804)
13.5671730042,(0.0, -2.674486804)
13.5773088932,(0.0, -2.674486804)
13.587446928,(0.0, -2.674486804)
13.5975670815,(0.0, -2.674486804)
13.607749939,(0.0, 0.0)
13.6179208755,(0.0, 0.0)
13.6280329227,(0.0, 0.0)
13.6381449699,(0.0, 0.0)
13.6482579708,(0.0, 0.0)
13.6583578587,(0.0, 0.0)
13.6684699059,(0.0, 0.0)
13.678581953,(0.0, 0.0)
13.6886930466,(0.0, 0.0)
13.6988048553,(0.0, 0.0)
13.7089159489,(0.0, 0.0)
13.7190320492,(0.0, 0.0)
13.7291359901,(0.0, 0.0)
13.7392470837,(0.0, 0.0)
13.7493588924,(0.0, 0.0)
13.7594690323,(0.0, 0.0)
13.7695810795,(0.0, 0.0)
13.7796909809,(0.0, 0.0)
13.7898008823,(0.0, 0.0)
13.7999110222,(0.0, 0.0)
13.8100240231,(0.29296875, 0.0)
13.8201298714,(0.29296875, 0.0)
13.8302149773,(0.29296875, -2.674486804)
13.8405408859,(0.29296875, -2.674486804)
13.8507618904,(0.29296875, -2.674486804)
13.860877037,(0.29296875, -2.674486804)
13.8709900379,(0.29296875, -2.674486804)
13.8811039925,(0.29296875, -2.674486804)
13.8912189007,(0.29296875, -2.674486804)
13.9013319016,(0.29296875, -2.674486804)
13.9114458561,(0.29296875, -2.674486804)
13.9215509892,(0.29296875, -2.674486804)
13.9316649437,(0.29296875, -2.674486804)
13.9418818951,(0.29296875, -2.674486804)
13.9521429539,(0.29296875, -2.674486804)
13.9622988701,(0.29296875, -2.674486804)
13.9724159241,(0.29296875, -2.674486804)
13.9825360775,(0.29296875, -2.674486804)
13.9928290844,(0.29296875, -2.674486804)
14.0030169487,(0.29296875, -2.674486804)
14.0131208897,(0.29296875, -2.674486804)
14.0249619484,(0.29296875, -2.674486804)
14.0350909233,(0.0, -2.674486804)
14.0452179909,(0.0, -2.674486804)
14.0553209782,(0.0, 2.674486804)
14.0654468536,(0.0, 2.674486804)
14.0755660534,(0.0, 2.674486804)
14.0857040882,(0.0, 2.674486804)
14.0958368778,(0.0, 2.674486804)
14.1059529781,(0.0, 2.674486804)
14.116081953,(0.0, 2.674486804)
14.1262419224,(0.0, 2.674486804)
14.1364588737,(0.0, 2.674486804)
14.1466588974,(0.0, 2.674486804)
14.1568629742,(0.0, 2.674486804)
14.1670439243,(0.0, 2.674486804)
14.1771578789,(0.0, 2.674486804)
14.1872529984,(0.0, 2.674486804)
14.1973729134,(0.0, 2.674486804)
14.2075779438,(0.0, 2.674486804)
14.2177648544,(0.0, 2.674486804)
14.2278790474,(0.0, 2.674486804)
14.2379920483,(0.0, 2.674486804)
14.2481079102,(0.0, 2.674486804)
14.2582218647,(0.0, 2.674486804)
14.2683229446,(0.0, 2.674486804)
14.2784409523,(0.0, 2.674486804)
14.2885570526,(0.0, 2.674486804)
14.2986700535,(0.0, 2.674486804)
14.3087830544,(0.0, 2.674486804)
14.3188948631,(0.0, 2.674486804)
14.329007864,(0.0, 2.674486804)
14.3391199112,(0.0, 2.674486804)
14.3492329121,(0.0, 2.674486804)
14.3593330383,(0.0, 2.674486804)
14.3694319725,(0.0, 2.674486804)
14.3795220852,(0.0, 2.674486804)
14.3896160126,(0.0, 2.674486804)
14.3997058868,(0.0, 2.674486804)
14.4098000526,(0.0, 2.674486804)
14.4198880196,(0.0, 2.674486804)
14.4300019741,(0.0, 2.674486804)
14.4401130676,(0.0, 2.674486804)
14.4502248764,(0.0, 2.674486804)
14.4603378773,(0.0, 2.674486804)
14.4728488922,(0.0, 2.674486804)
14.4829618931,(0.0, 2.674486804)
14.4930789471,(0.0, 2.674486804)
14.5031938553,(0.0, 0.0)
14.5133090019,(0.0, 0.0)
14.5234229565,(0.0, 0.0)
14.53353405,(0.0, 0.0)
14.5436439514,(0.0, 0.0)
14.5537559986,(0.0, 0.0)
14.5638668537,(0.0, 0.0)
14.5739779472,(0.0, 0.0)
14.5840899944,(0.0, 0.0)
14.5942020416,(0.0, 0.0)
14.6043229103,(0.0, 0.0)
14.6144330502,(0.0, 0.0)
14.6245369911,(0.0, 0.0)
14.6346468925,(0.0, 0.0)
14.6447489262,(0.0, 0.0)
14.6548650265,(0.0, 0.0)
14.6649758816,(0.0, 0.0)
14.6750879288,(0.0, 0.0)
14.6851990223,(0.0, 0.0)
14.695333004,(0.0, 0.0)
14.7054450512,(0.0, 0.0)
14.7155609131,(0.0, 0.0)
14.7256779671,(0.0, -2.674486804)
14.7357878685,(0.0, -2.674486804)
14.7459058762,(0.0, -2.674486804)
14.7560179234,(0.0, -2.674486804)
14.7661309242,(0.0, -2.674486804)
14.7762439251,(0.0, -2.674486804)
14.7863550186,(0.0, -2.674486804)
14.7964658737,(0.0, -2.674486804)
14.8065779209,(0.0, -2.674486804)
14.816683054,(0.0, -2.674486804)
14.8267948627,(0.0, -2.674486804)
14.836894989,(0.0, -2.674486804)
14.8470079899,(0.0, -2.674486804)
14.8571219444,(0.0, -2.674486804)
14.8672349453,(0.0, -2.674486804)
14.8773469925,(0.0, -2.674486804)
14.8874430656,(0.0, -2.674486804)
14.8975570202,(0.0, -2.674486804)
14.9076690674,(0.0, -2.674486804)
14.9177820683,(0.0, -2.674486804)
14.9279069901,(0.0, -2.674486804)
14.938024044,(0.29296875, -2.674486804)
14.9481399059,(0.29296875, 2.674486804)
14.9582929611,(0.29296875, 2.674486804)
14.9684720039,(0.29296875, 2.674486804)
14.9785859585,(0.29296875, 2.674486804)
14.988699913,(0.29296875, 2.674486804)
14.9988129139,(0.29296875, 2.674486804)
15.0089259148,(0.29296875, 2.674486804)
15.0190410614,(0.29296875, 2.674486804)
15.0291540623,(0.29296875, 2.674486804)
15.039265871,(0.29296875, 2.674486804)
15.0493769646,(0.29296875, 2.674486804)
15.0595149994,(0.29296875, 2.674486804)
15.0696480274,(0.29296875, 2.674486804)
15.079761982,(0.29296875, 2.674486804)
15.0898990631,(0.29296875, 2.674486804)
15.1000330448,(0.29296875, 2.674486804)
15.1101460457,(0.29296875, 2.674486804)
15.1202530861,(0.29296875, 2.674486804)
15.1303670406,(0.29296875, 2.674486804)
15.1404809952,(0.29296875, 2.674486804)
15.1505980492,(0.29296875, 2.674486804)
15.1607410908,(0.0, 2.674486804)
15.1708948612,(0.0, 0.0)
15.1810340881,(0.0, 0.0)
15.191161871,(0.0, 0.0)
15.2012860775,(0.0, 0.0)
15.2114078999,(0.0, 0.0)
15.2215299606,(0.0, 0.0)
15.2316770554,(0.0, 0.0)
15.2418079376,(0.0, 0.0)
15.2519299984,(0.0, 0.0)
15.2620558739,(0.0, 0.0)
15.2721838951,(0.0, 0.0)
15.2822470665,(0.0, 0.0)
15.2924740314,(0.0, 0.0)
15.3026418686,(0.0, 0.0)
15.3127410412,(0.0, 0.0)
15.3228468895,(0.0, 0.0)
15.3329548836,(0.0, 0.0)
15.343075037,(0.0, 0.0)
15.3532950878,(0.0, 0.0)
15.3634979725,(0.0, 0.0)
15.3737208843,(0.0, 0.0)
15.3839190006,(0.0, 0.0)
15.3940360546,(0.0, 2.674486804)
15.4041550159,(0.0, 2.674486804)
15.4142808914,(0.0, 2.674486804)
15.4247219563,(0.0, 2.674486804)
15.4349360466,(0.0, 2.674486804)
15.4450888634,(0.0, 2.674486804)
15.4552180767,(0.0, 2.674486804)
15.4653439522,(0.0, 2.674486804)
15.4754490852,(0.0, 2.674486804)
15.485574007,(0.0, 2.674486804)
15.4956719875,(0.0, 2.674486804)
15.5057849884,(0.0, 2.674486804)
15.515912056,(0.0, 2.674486804)
15.5260369778,(0.0, 2.674486804)
15.536206007,(0.0, 2.674486804)
15.5463969707,(0.0, 2.674486804)
15.5564949512,(0.0, 2.674486804)
15.5666179657,(0.0, 2.674486804)
15.5767350197,(0.0, 2.674486804)
15.5888829231,(0.0, 2.674486804)
15.598995924,(0.0, 2.674486804)
15.6091110706,(0.0, 2.674486804)
15.6192290783,(0.0, -2.674486804)
15.6293549538,(0.0, -2.674486804)
15.6394689083,(0.0, -2.674486804)
15.6495819092,(0.0, -2.674486804)
15.6596939564,(0.0, -2.674486804)
15.6698050499,(0.0, -2.674486804)
15.679915905,(0.0, -2.674486804)
15.6900279522,(0.0, -2.674486804)
15.7001409531,(0.0, -2.674486804)
15.7102539539,(0.0, -2.674486804)
15.7203660011,(0.0, -2.674486804)
15.7304799557,(0.0, -2.674486804)
15.7405929565,(0.0, -2.674486804)
15.7507069111,(0.0, -2.674486804)
15.7608449459,(0.0, -2.674486804)
15.7709770203,(0.0, -2.674486804)
15.7811119556,(0.0, -2.674486804)
15.79124403,(0.0, -2.674486804)
15.801361084,(0.0, -2.674486804)
15.8128619194,(0.0, -2.674486804)
15.8229839802,(0.0, -2.674486804)
15.8331029415,(0.0, -2.674486804)
15.8432190418,(0.0, 0.0)
15.8533730507,(0.0, 0.0)
15.8635029793,(0.0, 0.0)
15.8736159801,(0.0, 0.0)
15.8837308884,(0.0, 0.0)
15.8938429356,(0.0, 0.0)
15.9039530754,(0.0, 0.0)
15.9140639305,(0.0, 0.0)
15.924175024,(0.0, 0.0)
15.9342858791,(0.0, 0.0)
15.9443969727,(0.0, 0.0)
15.954531908,(0.0, 0.0)
15.9646430016,(0.0, 0.0)
15.9747550488,(0.0, 0.0)
15.9848649502,(0.0, 0.0)
15.99497509,(0.0, 0.0)
16.0050859451,(0.0, 0.0)
16.0151998997,(0.0, 0.0)
16.0253129005,(0.0, 0.0)
16.0354239941,(0.0, 0.0)
16.0455369949,(0.0, 0.0)
16.055631876,(0.29296875, 0.0)
16.0657298565,(0.29296875, -2.674486804)
16.0758669376,(0.29296875, -2.674486804)
16.0859720707,(0.29296875, -2.674486804)
16.0960960388,(0.29296875, -2.674486804)
16.1062090397,(0.29296875, -2.674486804)
16.1163229942,(0.29296875, -2.674486804)
16.1264359951,(0.29296875, -2.674486804)
16.1365740299,(0.29296875, -2.674486804)
16.1466879845,(0.29296875, -2.674486804)
16.156801939,(0.29296875, -2.674486804)
16.1669149399,(0.29296875, -2.674486804)
16.1770279408,(0.29296875, -2.674486804)
16.1871409416,(0.29296875, -2.674486804)
16.1972539425,(0.29296875, -2.674486804)
16.2075169086,(0.29296875, -2.674486804)
16.217633009,(0.29296875, -2.674486804)
16.2277460098,(0.29296875, -2.674486804)
16.2378849983,(0.29296875, -2.674486804)
16.2480368614,(0.29296875, -2.674486804)
16.2581880093,(0.29296875, -2.674486804)
16.2683169842,(0.29296875, -2.674486804)
16.278455019,(0.0, -2.674486804)
16.2886190414,(0.0, 2.674486804)
16.2988069057,(0.0, 2.674486804)
16.3089199066,(0.0, 2.674486804)
16.3190329075,(0.0, 2.674486804)
16.3291459084,(0.0, 2.674486804)
16.3392589092,(0.0, 2.674486804)
16.3493709564,(0.0, 2.674486804)
16.3595089912,(0.0, 2.674486804)
16.3696470261,(0.0, 2.674486804)
16.3797600269,(0.0, 2.674486804)
16.3898720741,(0.0, 2.674486804)
16.3999838829,(0.0, 2.674486804)
16.4100949764,(0.0, 2.674486804)
16.4202079773,(0.0, 2.674486804)
16.4303219318,(0.0, 2.674486804)
16.440433979,(0.0, 2.674486804)
16.4505679607,(0.0, 2.674486804)
16.4607019424,(0.0, 2.674486804)
16.4708039761,(0.0, 2.674486804)
16.480905056,(0.0, 2.674486804)
16.4910330772,(0.0, 2.674486804)
16.5011510849,(0.0, 2.674486804)
16.5114769936,(0.0, 2.674486804)
16.5215940475,(0.0, 2.674486804)
16.5317080021,(0.0, 2.674486804)
16.541823864,(0.0, 2.674486804)
16.551913023,(0.0, 2.674486804)
16.5620350838,(0.0, 2.674486804)
16.5721468925,(0.0, 2.674486804)
16.5822689533,(0.0, 2.674486804)
16.592402935,(0.0, 2.674486804)
16.602519989,(0.0, 2.674486804)
16.6126248837,(0.0, 2.674486804)
16.6227428913,(0.0, 2.674486804)
16.6328549385,(0.0, 2.674486804)
16.6429538727,(0.0, 2.674486804)
16.6531400681,(0.0, 2.674486804)
16.6633350849,(0.0, 2.674486804)
16.673500061,(0.0, 2.674486804)
16.6836829185,(0.0, 2.674486804)
16.6938080788,(0.0, 2.674486804)
16.7039320469,(0.0, 2.674486804)
16.7140610218,(0.0, 2.674486804)
16.7243180275,(0.0, 2.674486804)
16.7345070839,(0.0, 2.674486804)
16.744631052,(0.0, 0.0)
16.7547459602,(0.0, 0.0)
16.7648620605,(0.0, 0.0)
16.7750608921,(0.0, 0.0)
16.7852358818,(0.0, 0.0)
16.795347929,(0.0, 0.0)
16.8054668903,(0.0, 0.0)
16.8155870438,(0.0, 0.0)
16.825701952,(0.0, 0.0)
16.8358139992,(0.0, 0.0)
16.8458988667,(0.0, 0.0)
16.8560118675,(0.0, 0.0)
16.8661220074,(0.0, 0.0)
16.8762340546,(0.0, 0.0)
16.8863379955,(0.0, 0.0)
16.8964450359,(0.0, 0.0)
16.9065549374,(0.0, 0.0)
16.9166738987,(0.0, 0.0)
16.9267849922,(0.0, 0.0)
16.9368779659,(0.0, 0.0)
16.9469900131,(0.29296875, 0.0)
16.9571120739,(0.29296875, 0.0)
16.9672739506,(0.29296875, -2.674486804)
16.9773910046,(0.29296875, -2.674486804)
16.9875030518,(0.29296875, -2.674486804)
16.9976170063,(0.29296875, -2.674486804)
17.0077228546,(0.29296875, -2.674486804)
17.0178370476,(0.29296875, -2.674486804)
17.0279500484,(0.29296875, -2.674486804)
17.0380630493,(0.29296875, -2.674486804)
17.0481760502,(0.29296875, -2.674486804)
17.0582900047,(0.29296875, -2.674486804)
17.0684030056,(0.29296875, -2.674486804)
17.0785160065,(0.29296875, -2.674486804)
17.0886240005,(0.29296875, -2.674486804)
17.0987360477,(0.29296875, -2.674486804)
17.1088168621,(0.29296875, -2.674486804)
17.1191129684,(0.29296875, -2.674486804)
17.1292350292,(0.29296875, -2.674486804)
17.1393489838,(0.29296875, -2.674486804)
17.1494619846,(0.29296875, -2.674486804)
17.1595759392,(0.29296875, -2.674486804)
17.16968894,(0.0, -2.674486804)
17.1799240112,(0.0, -2.674486804)
17.1901609898,(0.0, 2.674486804)
17.200316906,(0.0, 2.674486804)
17.2104299068,(0.0, 2.674486804)
17.2205429077,(0.0, 2.674486804)
17.2306559086,(0.0, 2.674486804)
17.2407529354,(0.0, 2.674486804)
17.250868082,(0.0, 2.674486804)
17.2609810829,(0.0, 2.674486804)
17.2710928917,(0.0, 2.674486804)
17.2812070847,(0.0, 2.674486804)
17.2913179398,(0.0, 2.674486804)
17.301429987,(0.0, 2.674486804)
17.3115420341,(0.0, 2.674486804)
17.3216528893,(0.0, 2.674486804)
17.3317658901,(0.0, 2.674486804)
17.3418779373,(0.0, 2.674486804)
17.3519899845,(0.0, 2.674486804)
17.3621020317,(0.0, 2.674486804)
17.3722140789,(0.0, 2.674486804)
17.3823258877,(0.0, 2.674486804)
17.3928859234,(0.0, 2.674486804)
17.4032139778,(0.0, 2.674486804)
17.4134838581,(0.0, 0.0)
17.4235949516,(0.0, 0.0)
17.4337048531,(0.0, 0.0)
17.4438159466,(0.0, 0.0)
17.4539270401,(0.0, 0.0)
17.4640629292,(0.0, 0.0)
17.4741990566,(0.0, 0.0)
17.4843289852,(0.0, 0.0)
17.4944400787,(0.0, 0.0)
17.5045700073,(0.0, 0.0)
17.5147020817,(0.0, 0.0)
17.5248179436,(0.0, 0.0)
17.5349800587,(0.0, 0.0)
17.5450959206,(0.0, 0.0)
17.5552139282,(0.0, 0.0)
17.5653300285,(0.0, 0.0)
17.5754680634,(0.0, 0.0)
17.5856158733,(0.0, 0.0)
17.5957789421,(0.0, 0.0)
17.6059038639,(0.0, 0.0)
17.6160168648,(0.0, 0.0)
17.6261329651,(0.0, 0.0)
17.6362478733,(0.0, 2.674486804)
17.6463720798,(0.0, 2.674486804)
17.6564838886,(0.0, 2.674486804)
17.6665968895,(0.0, 2.674486804)
17.6767098904,(0.0, 2.674486804)
17.6868219376,(0.0, 2.674486804)
17.6969349384,(0.0, 2.674486804)
17.7070479393,(0.0, 2.674486804)
17.7171599865,(0.0, 2.674486804)
17.7272629738,(0.0, 2.674486804)
17.7373690605,(0.0, 2.674486804)
17.7474808693,(0.0, 2.674486804)
17.7575929165,(0.0, 2.674486804)
17.7677059174,(0.0, 2.674486804)
17.7778179646,(0.0, 2.674486804)
17.7879300117,(0.0, 2.674486804)
17.7980420589,(0.0, 2.674486804)
17.808152914,(0.0, 2.674486804)
17.8182470798,(0.0, 2.674486804)
17.828389883,(0.0, 2.674486804)
17.8385238647,(0.0, 2.674486804)
17.8487010002,(0.0, 2.674486804)
17.8589420319,(0.0, -2.674486804)
17.8690769672,(0.0, -2.674486804)
17.879201889,(0.0, -2.674486804)
17.889318943,(0.0, -2.674486804)
17.8994340897,(0.0, -2.674486804)
17.9097259045,(0.0, -2.674486804)
17.9252240658,(0.0, -2.674486804)
17.9354219437,(0.0, -2.674486804)
17.9455199242,(0.0, -2.674486804)
17.9556109905,(0.0, -2.674486804)
17.9657409191,(0.0, -2.674486804)
17.9758660793,(0.0, -2.674486804)
17.9859759808,(0.0, -2.674486804)
17.9960999489,(0.0, -2.674486804)
18.0062148571,(0.0, -2.674486804)
18.0163359642,(0.0, -2.674486804)
18.0264890194,(0.0, -2.674486804)
18.0366940498,(0.0, -2.674486804)
18.0488710403,(0.0, -2.674486804)
18.0589950085,(0.0, -2.674486804)
18.0691258907,(0.29296875, -2.674486804)
18.079269886,(0.29296875, 0.0)
18.0893800259,(0.29296875, 0.0)
18.0994999409,(0.29296875, 0.0)
18.1096138954,(0.29296875, 0.0)
18.1198508739,(0.29296875, 0.0)
18.1300330162,(0.29296875, 0.0)
18.1402249336,(0.29296875, 0.0)
18.1503820419,(0.29296875, 0.0)
18.1604950428,(0.29296875, 0.0)
18.17060709,(0.29296875, 0.0)
18.1807150841,(0.29296875, 0.0)
18.190819025,(0.29296875, 0.0)
18.2009320259,(0.29296875, 0.0)
18.2110440731,(0.29296875, 0.0)
18.221157074,(0.29296875, 0.0)
18.2312700748,(0.29296875, 0.0)
18.2414078712,(0.29296875, 0.0)
18.251543045,(0.29296875, 0.0)
18.2616779804,(0.29296875, 0.0)
18.2729859352,(0.29296875, 0.0)
18.2830970287,(0.29296875, 0.0)
18.293227911,(0.0, 0.0)
18.3033468723,(0.0, -2.674486804)
18.3134789467,(0.0, -2.674486804)
18.3236050606,(0.0, -2.674486804)
18.3337249756,(0.0, -2.674486804)
18.3438370228,(0.0, -2.674486804)
18.35394907,(0.0, -2.674486804)
18.3640608788,(0.0, -2.674486804)
18.3741979599,(0.0, -2.674486804)
18.384335041,(0.0, -2.674486804)
18.394466877,(0.0, -2.674486804)
18.4045698643,(0.0, -2.674486804)
18.4146690369,(0.0, -2.674486804)
18.4247820377,(0.0, -2.674486804)
18.4348940849,(0.0, -2.674486804)
18.4450058937,(0.0, -2.674486804)
18.4551188946,(0.0, -2.674486804)
18.4652180672,(0.0, -2.674486804)
18.4753508568,(0.0, -2.674486804)
18.4854879379,(0.0, -2.674486804)
18.4968900681,(0.0, -2.674486804)
18.5069949627,(0.0, -2.674486804)
18.517113924,(0.0, -2.674486804)
18.5272340775,(0.0, 2.674486804)
18.537348032,(0.0, 2.674486804)
18.5474629402,(0.0, 2.674486804)
18.5575790405,(0.0, 2.674486804)
18.5676920414,(0.0, 2.674486804)
18.5778050423,(0.0, 2.674486804)
18.5879170895,(0.0, 2.674486804)
18.5980300903,(0.0, 2.674486804)
18.6081399918,(0.0, 2.674486804)
18.6182739735,(0.0, 2.674486804)
18.6283860207,(0.0, 2.674486804)
18.6384980679,(0.0, 2.674486804)
18.648608923,(0.0, 2.674486804)
18.6587209702,(0.0, 2.674486804)
18.668833971,(0.0, 2.674486804)
18.6789460182,(0.0, 2.674486804)
18.689029932,(0.0, 2.674486804)
18.6991429329,(0.0, 2.674486804)
18.709280014,(0.0, 2.674486804)
18.7208850384,(0.0, 2.674486804)
18.7310009003,(0.0, 2.674486804)
18.7411198616,(0.0, 2.674486804)
18.7512378693,(0.0, -2.674486804)
18.76135993,(0.0, -2.674486804)
18.771476984,(0.0, -2.674486804)
18.7815930843,(0.0, -2.674486804)
18.7917048931,(0.0, -2.674486804)
18.801817894,(0.0, -2.674486804)
18.8119308949,(0.0, -2.674486804)
18.822042942,(0.0, -2.674486804)
18.8321549892,(0.0, -2.674486804)
18.8422679901,(0.0, -2.674486804)
18.852380991,(0.0, -2.674486804)
18.8624830246,(0.0, -2.674486804)
18.8726148605,(0.0, -2.674486804)
18.8827519417,(0.0, -2.674486804)
18.8928849697,(0.0, -2.674486804)
18.9030220509,(0.0, -2.674486804)
18.9131579399,(0.0, -2.674486804)
18.9232909679,(0.0, -2.674486804)
18.9334249496,(0.0, -2.674486804)
18.94490695,(0.0, -2.674486804)
18.9550340176,(0.0, -2.674486804)
18.9651548862,(0.0, -2.674486804)
18.9752719402,(0.0, 2.674486804)
18.9853880405,(0.0, 2.674486804)
18.9955000877,(0.0, 2.674486804)
19.0056118965,(0.0, 2.674486804)
19.0157248974,(0.0, 2.674486804)
19.0258100033,(0.0, 2.674486804)
19.0359289646,(0.0, 2.674486804)
19.0460410118,(0.0, 2.674486804)
19.056153059,(0.0, 2.674486804)
19.0662660599,(0.0, 2.674486804)
19.0763728619,(0.0, 2.674486804)
19.0864849091,(0.0, 2.674486804)
19.0965979099,(0.0, 2.674486804)
19.1067099571,(0.0, 2.674486804)
19.1168220043,(0.0, 2.674486804)
19.1269340515,(0.0, 2.674486804)
19.137057066,(0.0, 2.674486804)
19.1471850872,(0.0, 2.674486804)
19.1573050022,(0.0, 2.674486804)
19.1688270569,(0.0, 2.674486804)
19.1789550781,(0.0, 2.674486804)
19.189068079,(0.29296875, 2.674486804)
19.1991710663,(0.29296875, -2.674486804)
19.2092809677,(0.29296875, -2.674486804)
19.2195398808,(0.29296875, -2.674486804)
19.2297899723,(0.29296875, -2.674486804)
19.2399098873,(0.29296875, -2.674486804)
19.2500329018,(0.29296875, -2.674486804)
19.2601630688,(0.29296875, -2.674486804)
19.2703249454,(0.29296875, -2.674486804)
19.2804560661,(0.29296875, -2.674486804)
19.2906799316,(0.29296875, -2.674486804)
19.3008649349,(0.29296875, -2.674486804)
19.310988903,(0.29296875, -2.674486804)
19.3211128712,(0.29296875, -2.674486804)
19.3312399387,(0.29296875, -2.674486804)
19.34146595,(0.29296875, -2.674486804)
19.3516280651,(0.29296875, -2.674486804)
19.3617579937,(0.29296875, -2.674486804)
19.3718850613,(0.29296875, -2.674486804)
19.3820090294,(0.29296875, -2.674486804)
19.3928189278,(0.29296875, -2.674486804)
19.4029419422,(0.29296875, -2.674486804)
19.413064003,(0.0, -2.674486804)
19.4232599735,(0.0, 5.348973608)
19.4334170818,(0.0, 5.348973608)
19.4435288906,(0.0, 5.348973608)
19.4536459446,(0.0, 5.348973608)
19.4637629986,(0.0, 5.348973608)
19.4738750458,(0.0, 5.348973608)
19.4839868546,(0.0, 5.348973608)
19.4940998554,(0.0, 5.348973608)
19.5041968822,(0.0, 5.348973608)
19.5142889023,(0.0, 5.348973608)
19.524379015,(0.0, 5.348973608)
19.5344829559,(0.0, 5.348973608)
19.5445940495,(0.0, 5.348973608)
19.5547049046,(0.0, 5.348973608)
19.5648169518,(0.0, 5.348973608)
19.57493186,(0.0, 5.348973608)
19.5850429535,(0.0, 5.348973608)
19.5951559544,(0.0, 5.348973608)
19.6052680016,(0.0, 5.348973608)
19.6168119907,(0.0, 5.348973608)
19.6269290447,(0.0, 5.348973608)
19.6370398998,(0.0, 5.348973608)
19.6471550465,(0.0, -2.674486804)
19.6573290825,(0.0, -2.674486804)
19.6674790382,(0.0, -2.674486804)
19.6775739193,(0.0, -2.674486804)
19.6876878738,(0.0, -2.674486804)
19.6978008747,(0.0, -2.674486804)
19.7079119682,(0.0, -2.674486804)
19.7180249691,(0.0, -2.674486804)
19.7281370163,(0.0, -2.674486804)
19.7382490635,(0.0, -2.674486804)
19.7483620644,(0.0, -2.674486804)
19.7584679127,(0.0, -2.674486804)
19.7685809135,(0.0, -2.674486804)
19.7786929607,(0.0, -2.674486804)
19.7888050079,(0.0, -2.674486804)
19.7989170551,(0.0, -2.674486804)
19.8090250492,(0.0, -2.674486804)
19.8191409111,(0.0, -2.674486804)
19.829253912,(0.0, -2.674486804)
19.840898037,(0.0, -2.674486804)
19.8510198593,(0.0, -2.674486804)
19.8611390591,(0.0, -2.674486804)
19.8712520599,(0.0, 2.674486804)
19.8813719749,(0.0, 2.674486804)
19.8914880753,(0.0, 2.674486804)
19.9018208981,(0.0, 2.674486804)
19.9119329453,(0.0, 2.674486804)
19.9220449924,(0.0, 2.674486804)
19.9321570396,(0.0, 2.674486804)
19.9422600269,(0.0, 2.674486804)
19.9523639679,(0.0, 2.674486804)
19.9624779224,(0.0, 2.674486804)
19.9725999832,(0.0, 2.674486804)
19.9827120304,(0.0, 2.674486804)
19.9927930832,(0.0, 2.674486804)
