31.640625
31.640625
31.640625
31.640625
31.640625
31.640625
31.640625
31.640625
31.640625
31.640625
31.640625
31.640625
31.640625
31.640625
31.640625
31.640625
31.640625
31.640625
31.640625
31.640625
31.640625
31.640625
31.640625
31.640625
31.640625
31.640625
31.640625
31.640625
31.640625
31.640625
31.640625
31.640625
31.640625
31.640625
31.640625
31.640625
31.640625
31.640625
31.640625
31.640625
31.640625
31.640625
31.640625
31.640625
100
100
100
100
100
100
100
100
100
100
100
100
100
100
100
100
100
100
100
100
100
100
100
100
100
100
100
100
100
100
100
100
100
100
100
100
100
100
100
100
100
100
100
2.578125
94.189453125
95.068359375
95.947265625
96.6796875
97.412109375
97.998046875
98.14453125
98.291015625
98.583984375
98.73046875
99.31640625
99.31640625
99.609375
99.609375
99.609375
99.609375
99.90234375
99.462890625
99.90234375
99.755859375
99.755859375
100.048828125
99.90234375
99.755859375
99.90234375
99.755859375
100.1953125
100.048828125
100.048828125
99.755859375
100.1953125
100.048828125
100.048828125
99.755859375
100.048828125
