2.71797180176e-05,(78.80859375, 0.0)
0.0141031742096,(78.80859375, 0.0)
0.024257183075,(78.80859375, 0.0)
0.0344021320343,(78.80859375, 0.0)
0.0445461273193,(78.80859375, 0.0)
0.0546929836273,(78.80859375, 0.0)
0.0648400783539,(78.80859375, 0.0)
0.0750021934509,(78.80859375, 0.0)
0.0851581096649,(78.80859375, 0.0)
0.0953149795532,(78.80859375, 0.0)
0.10547709465,(78.80859375, 0.0)
0.115617990494,(78.80859375, 0.0)
0.125775098801,(78.80859375, 0.0)
0.135965108871,(78.80859375, 0.0)
0.148058176041,(78.80859375, 0.0)
0.158215999603,(78.80859375, 0.0)
0.168372154236,(78.80859375, 0.0)
0.18035697937,(78.80859375, 0.0)
0.190946102142,(78.80859375, 0.0)
0.201110124588,(78.80859375, 0.0)
0.212435007095,(78.80859375, 0.0)
0.222978115082,(78.80859375, 0.0)
0.233136177063,(78.80859375, 0.0)
0.243285179138,(78.80859375, 0.0)
0.253445148468,(78.80859375, 0.0)
0.263597011566,(77.34375, 0.0)
0.273754119873,(77.34375, -6.68621701)
0.284011125565,(77.34375, -6.68621701)
0.294229984283,(74.70703125, -6.68621701)
0.304375171661,(74.70703125, -12.035190618)
0.314514160156,(74.70703125, -12.035190618)
0.32467007637,(74.70703125, -12.035190618)
0.33482003212,(74.70703125, -12.035190618)
0.345008134842,(74.70703125, -12.035190618)
0.35516500473,(74.70703125, -12.035190618)
0.365313053131,(74.70703125, -12.035190618)
0.375487089157,(74.70703125, -12.035190618)
0.385640144348,(74.70703125, -12.035190618)
0.395797014236,(74.70703125, -12.035190618)
0.405961036682,(74.70703125, -12.035190618)
0.416134119034,(74.70703125, -12.035190618)
0.426285028458,(74.70703125, -12.035190618)
0.436401128769,(74.70703125, -12.035190618)
0.446550130844,(74.70703125, -12.035190618)
0.456701040268,(74.70703125, -12.035190618)
0.466917991638,(74.70703125, -12.035190618)
0.477150201797,(74.70703125, -12.035190618)
0.48730301857,(65.33203125, -12.035190618)
0.497457027435,(65.33203125, -54.826979482)
0.507610082626,(65.33203125, -54.826979482)
0.51776099205,(56.25, -54.826979482)
0.528017997742,(56.25, -93.60703813999999)
0.538194179535,(56.25, -93.60703813999999)
0.548344135284,(56.25, -93.60703813999999)
0.55851817131,(56.25, -93.60703813999999)
0.56867313385,(56.25, -93.60703813999999)
0.578824996948,(56.25, -93.60703813999999)
0.588989973068,(56.25, -93.60703813999999)
0.599143028259,(56.25, -93.60703813999999)
0.609282970428,(56.25, -93.60703813999999)
0.619435071945,(56.25, -93.60703813999999)
0.629592180252,(56.25, -93.60703813999999)
0.640038013458,(56.25, -93.60703813999999)
0.650259017944,(56.25, -93.60703813999999)
0.66045498848,(56.25, -93.60703813999999)
0.670601129532,(56.25, -93.60703813999999)
0.680757045746,(56.25, -93.60703813999999)
0.690913200378,(56.25, -93.60703813999999)
0.701070070267,(56.25, -93.60703813999999)
0.711222171783,(42.333984375, -93.60703813999999)
0.721376180649,(42.333984375, -102.96774195399999)
0.731747150421,(42.333984375, -102.96774195399999)
0.741971969604,(31.0546875, -102.96774195399999)
0.752107143402,(31.0546875, -115.00293257199999)
0.7622590065,(31.0546875, -115.00293257199999)
0.772421121597,(31.0546875, -115.00293257199999)
0.782576084137,(31.0546875, -115.00293257199999)
0.792730093002,(31.0546875, -115.00293257199999)
0.802886009216,(31.0546875, -115.00293257199999)
0.813037157059,(31.0546875, -115.00293257199999)
0.823183059692,(31.0546875, -115.00293257199999)
0.833409070969,(31.0546875, -115.00293257199999)
0.843640089035,(31.0546875, -115.00293257199999)
0.85378909111,(31.0546875, -115.00293257199999)
0.863928079605,(31.0546875, -115.00293257199999)
0.874083995819,(31.0546875, -115.00293257199999)
0.884370088577,(31.0546875, -115.00293257199999)
0.894525051117,(31.0546875, -115.00293257199999)
0.904680967331,(31.0546875, -115.00293257199999)
0.914832115173,(31.0546875, -115.00293257199999)
0.925007104874,(31.0546875, -115.00293257199999)
0.935167074203,(27.978515625, -115.00293257199999)
0.945336103439,(27.978515625, -61.513196492)
0.955500125885,(27.978515625, -61.513196492)
0.965692996979,(23.14453125, -61.513196492)
0.975826025009,(23.14453125, -38.780058658)
0.985991001129,(23.14453125, -38.780058658)
0.996142148972,(23.14453125, -38.780058658)
1.00632405281,(23.14453125, -38.780058658)
1.01657605171,(23.14453125, -38.780058658)
1.02679610252,(23.14453125, -38.780058658)
1.03695011139,(23.14453125, -38.780058658)
1.04714012146,(23.14453125, -38.780058658)
1.05732011795,(23.14453125, -38.780058658)
1.0674932003,(23.14453125, -38.780058658)
1.07766604424,(23.14453125, -38.780058658)
1.08786797523,(23.14453125, -38.780058658)
1.09805607796,(23.14453125, -38.780058658)
1.1084010601,(23.14453125, -38.780058658)
1.1185541153,(23.14453125, -38.780058658)
1.12871003151,(23.14453125, -38.780058658)
1.13887310028,(23.14453125, -38.780058658)
1.14904308319,(23.14453125, -38.780058658)
1.15920615196,(23.14453125, -38.780058658)
1.17213702202,(23.14453125, -33.43108505)
1.18229413033,(23.14453125, -33.43108505)
1.19244813919,(23.73046875, -33.43108505)
1.2026040554,(23.73046875, 0.0)
1.21275901794,(23.73046875, 0.0)
1.22291612625,(23.73046875, 0.0)
1.23314404488,(23.73046875, 0.0)
1.24338006973,(23.73046875, 0.0)
1.25352406502,(23.73046875, 0.0)
1.26379919052,(23.73046875, 0.0)
1.27395200729,(23.73046875, 0.0)
1.28418397903,(23.73046875, 0.0)
1.29442214966,(23.73046875, 0.0)
1.30458211899,(23.73046875, 0.0)
1.31472802162,(23.73046875, 0.0)
1.32488107681,(23.73046875, 0.0)
1.33503007889,(23.73046875, 0.0)
1.3451821804,(23.73046875, 0.0)
1.35535311699,(23.73046875, 0.0)
1.36552214622,(23.73046875, 0.0)
1.37571501732,(26.806640625, 0.0)
1.38587808609,(26.806640625, 0.0)
1.39604401588,(26.806640625, 17.384164226)
1.40620517731,(26.806640625, 17.384164226)
1.416421175,(31.787109375, 17.384164226)
1.4266500473,(31.787109375, 28.082111442)
1.43679404259,(31.787109375, 28.082111442)
1.44694805145,(31.787109375, 28.082111442)
1.45712804794,(31.787109375, 28.082111442)
1.46744298935,(31.787109375, 28.082111442)
1.47772598267,(31.787109375, 28.082111442)
1.48789405823,(31.787109375, 28.082111442)
1.4980430603,(31.787109375, 28.082111442)
1.50819396973,(31.787109375, 28.082111442)
1.51834607124,(31.787109375, 28.082111442)
1.52851200104,(31.787109375, 28.082111442)
1.53867006302,(31.787109375, 28.082111442)
1.54881501198,(31.787109375, 28.082111442)
1.55896401405,(31.787109375, 28.082111442)
1.5691139698,(31.787109375, 28.082111442)
1.57931804657,(31.787109375, 28.082111442)
1.58953619003,(31.787109375, 28.082111442)
1.59971904755,(31.93359375, 28.082111442)
1.60992908478,(31.93359375, 28.082111442)
1.62007117271,(31.93359375, 12.035190618)
1.63022518158,(31.93359375, 12.035190618)
1.64037919044,(31.0546875, 12.035190618)
1.65061116219,(31.0546875, 2.674486804)
1.66086912155,(31.0546875, 2.674486804)
1.67101716995,(31.0546875, 2.674486804)
1.68116998672,(31.0546875, 2.674486804)
1.69132900238,(31.0546875, 2.674486804)
1.70148420334,(31.0546875, 2.674486804)
1.7116291523,(31.0546875, 2.674486804)
1.72179198265,(31.0546875, 2.674486804)
1.73194813728,(31.0546875, 2.674486804)
1.74210000038,(31.0546875, 2.674486804)
1.75225710869,(31.0546875, 2.674486804)
1.76247811317,(31.0546875, 2.674486804)
1.77271199226,(31.0546875, 2.674486804)
1.78293418884,(31.0546875, 2.674486804)
1.79318499565,(31.0546875, 2.674486804)
1.80333900452,(31.0546875, 2.674486804)
1.81349515915,(31.0546875, 2.674486804)
1.82364797592,(27.83203125, 2.674486804)
1.83391213417,(27.83203125, 2.674486804)
1.84418511391,(27.83203125, -5.348973608)
1.85433197021,(27.83203125, -5.348973608)
1.86448717117,(23.14453125, -5.348973608)
1.87464213371,(23.14453125, -32.093841647999994)
1.8847951889,(23.14453125, -32.093841647999994)
1.89494800568,(23.14453125, -32.093841647999994)
1.90510606766,(23.14453125, -32.093841647999994)
1.91525006294,(23.14453125, -32.093841647999994)
1.92540001869,(23.14453125, -32.093841647999994)
1.93552803993,(23.14453125, -32.093841647999994)
1.94577598572,(23.14453125, -32.093841647999994)
1.95606803894,(23.14453125, -32.093841647999994)
1.96630907059,(23.14453125, -32.093841647999994)
1.97655415535,(23.14453125, -32.093841647999994)
1.98670315742,(23.14453125, -32.093841647999994)
1.99685811996,(23.14453125, -32.093841647999994)
2.00706100464,(23.14453125, -32.093841647999994)
2.0173561573,(23.14453125, -32.093841647999994)
2.02759099007,(23.14453125, -32.093841647999994)
2.03773808479,(23.14453125, -32.093841647999994)
2.04788208008,(23.4375, -32.093841647999994)
2.05805015564,(23.4375, -32.093841647999994)
2.06823015213,(23.4375, -21.395894432)
2.07838010788,(23.4375, -21.395894432)
2.08855605125,(24.462890625, -21.395894432)
2.09872317314,(24.462890625, 8.023460411999999)
2.10888504982,(24.462890625, 8.023460411999999)
2.11904716492,(24.462890625, 8.023460411999999)
2.12929797173,(24.462890625, 8.023460411999999)
2.13951015472,(24.462890625, 8.023460411999999)
2.14973807335,(24.462890625, 8.023460411999999)
2.15995502472,(24.462890625, 8.023460411999999)
2.1701271534,(24.462890625, 8.023460411999999)
2.1802880764,(24.462890625, 8.023460411999999)
2.19044709206,(24.462890625, 8.023460411999999)
2.20072197914,(24.462890625, 8.023460411999999)
2.21101117134,(24.462890625, 8.023460411999999)
2.22116303444,(24.462890625, 8.023460411999999)
2.23131203651,(24.462890625, 8.023460411999999)
2.24146914482,(24.462890625, 8.023460411999999)
2.25162220001,(24.462890625, 8.023460411999999)
2.26177811623,(24.462890625, 8.023460411999999)
2.2719271183,(27.685546875, 8.023460411999999)
2.28207802773,(27.685546875, 8.023460411999999)
2.29223012924,(27.685546875, 18.721407627999998)
2.30239319801,(27.685546875, 18.721407627999998)
2.31263017654,(32.666015625, 18.721407627999998)
2.32284116745,(32.666015625, 53.48973607999999)
2.33307814598,(32.666015625, 53.48973607999999)
2.34330797195,(32.666015625, 53.48973607999999)
2.3534591198,(32.666015625, 53.48973607999999)
2.36361217499,(32.666015625, 53.48973607999999)
2.37377810478,(32.666015625, 53.48973607999999)
2.38402700424,(32.666015625, 53.48973607999999)
2.3943631649,(32.666015625, 53.48973607999999)
2.404515028,(32.666015625, 53.48973607999999)
2.41466999054,(32.666015625, 53.48973607999999)
2.42483305931,(32.666015625, 53.48973607999999)
2.43499112129,(32.666015625, 53.48973607999999)
2.4451520443,(32.666015625, 53.48973607999999)
2.45529603958,(32.666015625, 53.48973607999999)
2.46545410156,(32.666015625, 53.48973607999999)
2.47560119629,(32.666015625, 53.48973607999999)
2.48574709892,(32.666015625, 53.48973607999999)
2.4959821701,(33.251953125, 53.48973607999999)
2.50614619255,(33.251953125, 53.48973607999999)
2.51636815071,(33.251953125, 40.11730205999999)
2.52658605576,(33.251953125, 40.11730205999999)
2.5367372036,(32.2265625, 40.11730205999999)
2.54689407349,(32.2265625, 4.011730205999999)
2.5570731163,(32.2265625, 4.011730205999999)
2.5673801899,(32.2265625, 4.011730205999999)
2.57766699791,(32.2265625, 4.011730205999999)
2.5878341198,(32.2265625, 4.011730205999999)
2.59799313545,(32.2265625, 4.011730205999999)
2.60814404488,(32.2265625, 4.011730205999999)
2.61829209328,(32.2265625, 4.011730205999999)
2.62844109535,(32.2265625, 4.011730205999999)
2.63860106468,(32.2265625, 4.011730205999999)
2.6487531662,(32.2265625, 4.011730205999999)
2.65890216827,(32.2265625, 4.011730205999999)
2.66903710365,(32.2265625, 4.011730205999999)
2.67922997475,(32.2265625, 4.011730205999999)
2.68943715096,(32.2265625, 4.011730205999999)
2.69966101646,(32.2265625, 4.011730205999999)
2.7098710537,(32.2265625, 4.011730205999999)
2.72000598907,(28.125, 4.011730205999999)
2.73015618324,(28.125, 4.011730205999999)
2.74030709267,(28.125, -1.3372434019999995)
2.75058317184,(28.125, -1.3372434019999995)
2.76095104218,(22.998046875, -1.3372434019999995)
2.7711122036,(22.998046875, -25.407624637999998)
2.78128099442,(22.998046875, -25.407624637999998)
2.79144001007,(22.998046875, -25.407624637999998)
2.80159211159,(22.998046875, -25.407624637999998)
2.81174397469,(22.998046875, -25.407624637999998)
2.82190608978,(22.998046875, -25.407624637999998)
2.83202910423,(22.998046875, -25.407624637999998)
2.84218001366,(22.998046875, -25.407624637999998)
2.85233306885,(22.998046875, -25.407624637999998)
2.86255407333,(22.998046875, -25.407624637999998)
2.87280511856,(22.998046875, -25.407624637999998)
2.88313603401,(22.998046875, -25.407624637999998)
2.89339613914,(22.998046875, -25.407624637999998)
2.90357613564,(22.998046875, -25.407624637999998)
2.91373109818,(22.998046875, -25.407624637999998)
2.92389917374,(22.998046875, -25.407624637999998)
2.93418502808,(22.998046875, -25.407624637999998)
2.94443297386,(23.291015625, -25.407624637999998)
2.95458316803,(23.291015625, -25.407624637999998)
2.9647359848,(23.291015625, -20.05865103)
2.97493815422,(24.31640625, -20.05865103)
2.98530101776,(24.31640625, -20.05865103)
2.99545407295,(24.31640625, 13.37243402)
3.00564813614,(24.31640625, 13.37243402)
3.01579713821,(24.31640625, 13.37243402)
3.02594900131,(24.31640625, 13.37243402)
3.03610897064,(24.31640625, 13.37243402)
3.04626202583,(24.31640625, 13.37243402)
3.05641317368,(24.31640625, 13.37243402)
3.06664514542,(24.31640625, 13.37243402)
3.07687211037,(24.31640625, 13.37243402)
3.08712816238,(24.31640625, 13.37243402)
3.09728097916,(24.31640625, 13.37243402)
3.10743498802,(24.31640625, 13.37243402)
3.11768317223,(24.31640625, 13.37243402)
3.12794399261,(24.31640625, 13.37243402)
3.13807106018,(24.31640625, 13.37243402)
3.14821219444,(24.31640625, 13.37243402)
3.15838503838,(24.31640625, 13.37243402)
3.16855311394,(27.392578125, 13.37243402)
3.17870616913,(27.392578125, 13.37243402)
3.18886709213,(27.392578125, 24.070381236)
3.19899010658,(33.10546875, 24.070381236)
3.20914006233,(33.10546875, 24.070381236)
3.21928405762,(33.10546875, 49.478005874)
3.22942709923,(33.10546875, 49.478005874)
3.23958015442,(33.10546875, 49.478005874)
3.24980711937,(33.10546875, 49.478005874)
3.26004314423,(33.10546875, 49.478005874)
3.27018713951,(33.10546875, 49.478005874)
3.28033804893,(33.10546875, 49.478005874)
3.29049301147,(33.10546875, 49.478005874)
3.30076098442,(33.10546875, 49.478005874)
3.31121206284,(33.10546875, 49.478005874)
3.32138299942,(33.10546875, 49.478005874)
3.3315141201,(33.10546875, 49.478005874)
3.34168314934,(33.10546875, 49.478005874)
3.35182905197,(33.10546875, 49.478005874)
3.36198115349,(33.10546875, 49.478005874)
3.37213897705,(33.10546875, 49.478005874)
3.38229107857,(33.10546875, 49.478005874)
3.39242100716,(34.27734375, 49.478005874)
3.40259003639,(34.27734375, 49.478005874)
3.41275000572,(34.27734375, 42.791788864)
3.42289304733,(32.958984375, 42.791788864)
3.43312120438,(32.958984375, 42.791788864)
3.44335198402,(32.958984375, 2.674486804)
3.45350503922,(32.958984375, 2.674486804)
3.46365714073,(32.958984375, 2.674486804)
3.47381019592,(32.958984375, 2.674486804)
3.48406410217,(32.958984375, 2.674486804)
3.49433207512,(32.958984375, 2.674486804)
3.50448203087,(32.958984375, 2.674486804)
3.51463317871,(32.958984375, 2.674486804)
3.52478599548,(32.958984375, 2.674486804)
3.53490209579,(32.958984375, 2.674486804)
3.54505705833,(32.958984375, 2.674486804)
3.55521416664,(32.958984375, 2.674486804)
3.56536698341,(32.958984375, 2.674486804)
3.57551813126,(32.958984375, 2.674486804)
3.58566999435,(32.958984375, 2.674486804)
3.59601712227,(32.958984375, 2.674486804)
3.60621118546,(32.958984375, 2.674486804)
3.6164431572,(28.41796875, 2.674486804)
3.62676215172,(28.41796875, 2.674486804)
3.63691306114,(28.41796875, -36.105571854)
3.64706301689,(22.998046875, -36.105571854)
3.65721917152,(22.998046875, -36.105571854)
3.66746997833,(22.998046875, -50.815249276)
3.67771220207,(22.998046875, -50.815249276)
3.68786120415,(22.998046875, -50.815249276)
3.69802498817,(22.998046875, -50.815249276)
3.70818018913,(22.998046875, -50.815249276)
3.71833205223,(22.998046875, -50.815249276)
3.7284860611,(22.998046875, -50.815249276)
3.73864603043,(22.998046875, -50.815249276)
3.74879908562,(22.998046875, -50.815249276)
3.75894117355,(22.998046875, -50.815249276)
3.7690911293,(22.998046875, -50.815249276)
3.77928805351,(22.998046875, -50.815249276)
3.7894821167,(22.998046875, -50.815249276)
3.79997110367,(22.998046875, -50.815249276)
3.81089711189,(22.998046875, -50.815249276)
3.82108402252,(22.998046875, -50.815249276)
3.8312330246,(22.998046875, -50.815249276)
3.84139704704,(23.291015625, -50.815249276)
3.85154700279,(23.291015625, -50.815249276)
3.86169719696,(23.291015625, -17.384164226)
3.8718559742,(24.462890625, -17.384164226)
3.88218712807,(24.462890625, -17.384164226)
3.89248418808,(24.462890625, 0.0)
3.90278697014,(24.462890625, 0.0)
3.91295003891,(24.462890625, 0.0)
3.92311000824,(24.462890625, 0.0)
3.93326616287,(24.462890625, 0.0)
3.94342207909,(24.462890625, 0.0)
3.95357513428,(24.462890625, 0.0)
3.96372318268,(24.462890625, 0.0)
3.97387719154,(24.462890625, 0.0)
3.98405408859,(24.462890625, 0.0)
3.99427103996,(24.462890625, 0.0)
4.00442099571,(24.462890625, 0.0)
4.0145881176,(24.462890625, 0.0)
4.0305211544,(24.462890625, 0.0)
4.04075717926,(24.462890625, 0.0)
4.051030159,(24.462890625, 0.0)
4.06144118309,(24.462890625, 0.0)
4.07163500786,(27.392578125, 0.0)
4.08179616928,(27.392578125, 10.697947216)
4.09194803238,(27.392578125, 10.697947216)
4.10210204124,(33.69140625, 10.697947216)
4.11229014397,(33.69140625, 44.129032265999996)
4.12250900269,(33.69140625, 44.129032265999996)
4.13271307945,(33.69140625, 44.129032265999996)
4.14292001724,(33.69140625, 44.129032265999996)
4.15308713913,(33.69140625, 44.129032265999996)
4.16324210167,(33.69140625, 44.129032265999996)
4.17339897156,(33.69140625, 44.129032265999996)
4.18354916573,(33.69140625, 44.129032265999996)
4.19370007515,(33.69140625, 44.129032265999996)
4.2038500309,(33.69140625, 44.129032265999996)
4.21407413483,(33.69140625, 44.129032265999996)
4.2244451046,(33.69140625, 44.129032265999996)
4.23459410667,(33.69140625, 44.129032265999996)
4.24473810196,(33.69140625, 44.129032265999996)
4.25485110283,(33.69140625, 44.129032265999996)
4.26499509811,(33.69140625, 44.129032265999996)
4.27513599396,(33.69140625, 44.129032265999996)
4.28528308868,(33.69140625, 44.129032265999996)
4.29551315308,(35.595703125, 44.129032265999996)
4.3057050705,(35.595703125, 32.093841648)
4.31595897675,(35.595703125, 32.093841648)
4.32614517212,(34.423828125, 32.093841648)
4.33628296852,(34.423828125, -5.348973608)
4.34642601013,(34.423828125, -5.348973608)
4.35656809807,(34.423828125, -5.348973608)
4.36671900749,(34.423828125, -5.348973608)
4.37687110901,(34.423828125, -5.348973608)
4.38701415062,(34.423828125, -5.348973608)
4.39714097977,(34.423828125, -5.348973608)
4.40738201141,(34.423828125, -5.348973608)
4.41753315926,(34.423828125, -5.348973608)
4.42774009705,(34.423828125, -5.348973608)
4.43790817261,(34.423828125, -5.348973608)
4.44803500175,(34.423828125, -5.348973608)
4.45818305016,(34.423828125, -5.348973608)
4.46833705902,(34.423828125, -5.348973608)
4.48005914688,(34.423828125, -5.348973608)
4.49020910263,(34.423828125, -5.348973608)
4.50044608116,(34.423828125, -5.348973608)
4.51066207886,(29.296875, -5.348973608)
4.52081108093,(29.296875, -5.348973608)
4.53096103668,(29.296875, -38.780058658)
4.54112005234,(29.296875, -38.780058658)
4.55127215385,(23.14453125, -38.780058658)
4.56142306328,(23.14453125, -74.885630512)
4.57157301903,(23.14453125, -74.885630512)
4.5817220211,(23.14453125, -74.885630512)
4.59190106392,(23.14453125, -74.885630512)
4.60204815865,(23.14453125, -74.885630512)
4.61219596863,(23.14453125, -74.885630512)
4.62233901024,(23.14453125, -74.885630512)
4.63252711296,(23.14453125, -74.885630512)
4.64268302917,(23.14453125, -74.885630512)
4.65284204483,(23.14453125, -74.885630512)
4.66298508644,(23.14453125, -74.885630512)
4.67312908173,(23.14453125, -74.885630512)
4.68335008621,(23.14453125, -74.885630512)
4.69357514381,(23.14453125, -74.885630512)
4.70372009277,(23.14453125, -74.885630512)
4.7138710022,(23.14453125, -74.885630512)
4.72399306297,(23.14453125, -74.885630512)
4.73415017128,(23.14453125, -74.885630512)
4.7443921566,(23.4375, -74.885630512)
4.75454306602,(23.4375, -40.11730206)
4.76467204094,(23.4375, -40.11730206)
4.77483606339,(24.0234375, -40.11730206)
4.78498506546,(24.0234375, 0.0)
4.79513502121,(24.0234375, 0.0)
4.80529403687,(24.0234375, 0.0)
4.81546711922,(24.0234375, 0.0)
4.82560610771,(24.0234375, 0.0)
4.83578419685,(24.0234375, 0.0)
4.84606814384,(24.0234375, 0.0)
4.85636115074,(24.0234375, 0.0)
4.86659502983,(24.0234375, 0.0)
4.87688302994,(24.0234375, 0.0)
4.88703918457,(24.0234375, 0.0)
4.89719009399,(24.0234375, 0.0)
4.90738320351,(24.0234375, 0.0)
4.91754007339,(24.0234375, 0.0)
4.92769217491,(24.0234375, 0.0)
4.93784713745,(24.0234375, 0.0)
4.94794416428,(24.0234375, 0.0)
4.95812797546,(24.0234375, 0.0)
4.96834015846,(26.66015625, 0.0)
4.97847819328,(26.66015625, 6.68621701)
4.9886341095,(26.66015625, 6.68621701)
4.99877810478,(32.8125, 6.68621701)
5.00892114639,(32.8125, 36.105571854)
5.01906704903,(32.8125, 36.105571854)
5.02925515175,(32.8125, 36.105571854)
5.03945112228,(32.8125, 36.105571854)
5.04963612556,(32.8125, 36.105571854)
5.05983614922,(32.8125, 36.105571854)
5.06997513771,(32.8125, 36.105571854)
5.0801320076,(32.8125, 36.105571854)
5.09027409554,(32.8125, 36.105571854)
5.10047698021,(32.8125, 36.105571854)
5.11071109772,(32.8125, 36.105571854)
5.12085700035,(32.8125, 36.105571854)
5.13099503517,(32.8125, 36.105571854)
5.14114117622,(32.8125, 36.105571854)
5.15129303932,(32.8125, 36.105571854)
5.1614279747,(32.8125, 36.105571854)
5.17159700394,(32.8125, 36.105571854)
5.18180298805,(32.8125, 36.105571854)
5.1919901371,(35.7421875, 36.105571854)
5.20216012001,(35.7421875, 44.129032265999996)
5.21236920357,(35.7421875, 44.129032265999996)
5.22257804871,(36.767578125, 44.129032265999996)
5.23279213905,(36.767578125, 12.035190617999998)
5.2430460453,(36.767578125, 12.035190617999998)
5.25321316719,(36.767578125, 12.035190617999998)
5.26335906982,(36.767578125, 12.035190617999998)
5.27350616455,(36.767578125, 12.035190617999998)
5.28373813629,(36.767578125, 12.035190617999998)
5.29396915436,(36.767578125, 12.035190617999998)
5.30412507057,(36.767578125, 12.035190617999998)
5.31426000595,(36.767578125, 12.035190617999998)
5.3244240284,(36.767578125, 12.035190617999998)
5.3345720768,(36.767578125, 12.035190617999998)
5.34470915794,(36.767578125, 12.035190617999998)
5.35485816002,(36.767578125, 12.035190617999998)
5.36500406265,(36.767578125, 12.035190617999998)
5.37514305115,(36.767578125, 12.035190617999998)
5.3853020668,(36.767578125, 12.035190617999998)
5.39546513557,(36.767578125, 12.035190617999998)
5.40565514565,(36.767578125, 12.035190617999998)
5.41584014893,(30.908203125, 12.035190617999998)
5.42606019974,(30.908203125, -40.11730205999999)
5.43620705605,(30.908203125, -40.11730205999999)
5.44636702538,(23.291015625, -40.11730205999999)
5.4565320015,(23.291015625, -81.57184752199998)
5.46677207947,(23.291015625, -81.57184752199998)
5.47701215744,(23.291015625, -81.57184752199998)
5.48715209961,(23.291015625, -81.57184752199998)
5.49729299545,(23.291015625, -81.57184752199998)
5.50744509697,(23.291015625, -81.57184752199998)
5.5175921917,(23.291015625, -81.57184752199998)
5.52773404121,(23.291015625, -81.57184752199998)
5.53788304329,(23.291015625, -81.57184752199998)
5.54800200462,(23.291015625, -81.57184752199998)
5.55813598633,(23.291015625, -81.57184752199998)
5.56830716133,(23.291015625, -81.57184752199998)
5.57842803001,(23.291015625, -81.57184752199998)
5.58858203888,(23.291015625, -81.57184752199998)
5.59871912003,(23.291015625, -81.57184752199998)
5.60888004303,(23.291015625, -81.57184752199998)
5.61902999878,(23.291015625, -81.57184752199998)
5.62918519974,(23.291015625, -81.57184752199998)
5.63934516907,(23.291015625, -81.57184752199998)
5.64967513084,(23.291015625, -44.129032265999996)
5.66005110741,(23.291015625, -44.129032265999996)
5.67021799088,(23.583984375, -44.129032265999996)
5.68037199974,(23.583984375, 0.0)
5.6905310154,(23.583984375, 0.0)
5.70068502426,(23.583984375, 0.0)
5.71206712723,(23.583984375, 0.0)
5.72223305702,(23.583984375, 0.0)
5.73238110542,(23.583984375, 0.0)
5.74252414703,(23.583984375, 0.0)
5.75267601013,(23.583984375, 0.0)
5.76284909248,(23.583984375, 0.0)
5.773001194,(23.583984375, 0.0)
5.78324508667,(23.583984375, 0.0)
5.79365205765,(23.583984375, 0.0)
5.80379700661,(23.583984375, 0.0)
5.81394100189,(23.583984375, 0.0)
5.82409119606,(23.583984375, 0.0)
5.83440303802,(23.583984375, 0.0)
5.84471416473,(23.583984375, 0.0)
5.854845047,(26.513671875, 0.0)
5.86499810219,(26.513671875, 0.0)
5.87516713142,(26.513671875, 17.384164226)
5.88531708717,(26.513671875, 17.384164226)
5.89547610283,(32.8125, 17.384164226)
5.90566897392,(32.8125, 42.791788864)
5.91582298279,(32.8125, 42.791788864)
5.92597699165,(32.8125, 42.791788864)
5.93610501289,(32.8125, 42.791788864)
5.94625711441,(32.8125, 42.791788864)
5.9564101696,(32.8125, 42.791788864)
5.96664214134,(32.8125, 42.791788864)
5.97689199448,(32.8125, 42.791788864)
5.98705101013,(32.8125, 42.791788864)
5.99724411964,(32.8125, 42.791788864)
6.00740098953,(32.8125, 42.791788864)
6.0176820755,(32.8125, 42.791788864)
6.02794504166,(32.8125, 42.791788864)
6.03810811043,(32.8125, 42.791788864)
6.04825806618,(32.8125, 42.791788864)
6.05841708183,(32.8125, 42.791788864)
6.06857204437,(32.8125, 42.791788864)
6.07872319221,(35.44921875, 42.791788864)
6.0888800621,(35.44921875, 42.791788864)
6.09902715683,(35.44921875, 38.780058658)
6.10917806625,(35.44921875, 38.780058658)
6.11935305595,(36.9140625, 38.780058658)
6.12951397896,(36.9140625, 25.407624638)
6.13966202736,(36.9140625, 25.407624638)
6.14988017082,(36.9140625, 25.407624638)
6.16011118889,(36.9140625, 25.407624638)
6.17026209831,(36.9140625, 25.407624638)
6.1804151535,(36.9140625, 25.407624638)
6.19056797028,(36.9140625, 25.407624638)
6.20082402229,(36.9140625, 25.407624638)
6.21106815338,(36.9140625, 25.407624638)
6.22121620178,(36.9140625, 25.407624638)
6.23136401176,(36.9140625, 25.407624638)
6.24151706696,(36.9140625, 25.407624638)
6.25166797638,(36.9140625, 25.407624638)
6.26182603836,(36.9140625, 25.407624638)
6.27197313309,(36.9140625, 25.407624638)
6.28212618828,(36.9140625, 25.407624638)
6.29227900505,(36.9140625, 25.407624638)
6.3040561676,(31.640625, 25.407624638)
6.31421113014,(31.640625, 25.407624638)
6.32436609268,(31.640625, -21.395894432)
6.33456206322,(23.73046875, -21.395894432)
6.34478211403,(23.73046875, -21.395894432)
6.35493302345,(23.73046875, -74.885630512)
6.36507415771,(23.73046875, -74.885630512)
6.37523317337,(23.73046875, -74.885630512)
6.38539600372,(23.73046875, -74.885630512)
6.39562416077,(23.73046875, -74.885630512)
6.40585517883,(23.73046875, -74.885630512)
6.41600799561,(23.73046875, -74.885630512)
6.42616915703,(23.73046875, -74.885630512)
6.43632602692,(23.73046875, -74.885630512)
6.44648313522,(23.73046875, -74.885630512)
6.45665597916,(23.73046875, -74.885630512)
6.46681213379,(23.73046875, -74.885630512)
6.47696614265,(23.73046875, -74.885630512)
6.48712301254,(23.73046875, -74.885630512)
6.49727702141,(23.73046875, -74.885630512)
6.50743103027,(23.73046875, -74.885630512)
6.51761317253,(23.73046875, -74.885630512)
6.52777600288,(23.4375, -74.885630512)
6.53792715073,(23.4375, -74.885630512)
6.54807019234,(23.4375, -41.454545462)
6.55822300911,(23.73046875, -41.454545462)
6.56838297844,(23.73046875, -41.454545462)
6.57852602005,(23.73046875, 1.337243402)
6.58869719505,(23.73046875, 1.337243402)
6.59883904457,(23.73046875, 1.337243402)
6.60900712013,(23.73046875, 1.337243402)
6.61915898323,(23.73046875, 1.337243402)
6.62931418419,(23.73046875, 1.337243402)
6.63947415352,(23.73046875, 1.337243402)
6.64962816238,(23.73046875, 1.337243402)
6.65978002548,(23.73046875, 1.337243402)
6.66993498802,(23.73046875, 1.337243402)
6.68009519577,(23.73046875, 1.337243402)
6.69025611877,(23.73046875, 1.337243402)
6.70049619675,(23.73046875, 1.337243402)
6.7107591629,(23.73046875, 1.337243402)
6.720911026,(23.73046875, 1.337243402)
6.73106312752,(23.73046875, 1.337243402)
6.74121618271,(23.73046875, 1.337243402)
6.75157213211,(26.66015625, 1.337243402)
6.76177000999,(26.66015625, 1.337243402)
6.77204203606,(26.66015625, 18.721407627999998)
6.784263134,(32.8125, 18.721407627999998)
6.79451799393,(32.8125, 18.721407627999998)
6.8046681881,(32.8125, 37.442815256)
6.81480002403,(32.8125, 37.442815256)
6.82496619225,(32.8125, 37.442815256)
6.83511519432,(32.8125, 37.442815256)
6.84526920319,(32.8125, 37.442815256)
6.85542917252,(32.8125, 37.442815256)
6.86558198929,(32.8125, 37.442815256)
6.87572717667,(32.8125, 37.442815256)
6.88588213921,(32.8125, 37.442815256)
6.89610719681,(32.8125, 37.442815256)
6.90630412102,(32.8125, 37.442815256)
6.91656303406,(32.8125, 37.442815256)
6.92818903923,(32.8125, 37.442815256)
6.93839716911,(32.8125, 37.442815256)
6.94860100746,(32.8125, 37.442815256)
6.95875120163,(32.8125, 37.442815256)
6.96898317337,(32.8125, 37.442815256)
6.9792611599,(35.888671875, 37.442815256)
6.98951816559,(35.888671875, 34.768328452)
6.99999213219,(35.888671875, 34.768328452)
7.01030516624,(37.646484375, 34.768328452)
7.02044916153,(37.646484375, 34.768328452)
7.03061699867,(37.646484375, 28.082111442)
7.04078102112,(37.646484375, 28.082111442)
7.05093598366,(37.646484375, 28.082111442)
7.06109213829,(37.646484375, 28.082111442)
7.07124519348,(37.646484375, 28.082111442)
7.08141112328,(37.646484375, 28.082111442)
7.09159016609,(37.646484375, 28.082111442)
7.10201215744,(37.646484375, 28.082111442)
7.1122751236,(37.646484375, 28.082111442)
7.12253904343,(37.646484375, 28.082111442)
7.13270115852,(37.646484375, 28.082111442)
7.14284801483,(37.646484375, 28.082111442)
7.15606307983,(37.646484375, 28.082111442)
7.16621112823,(37.646484375, 28.082111442)
7.17644500732,(37.646484375, 28.082111442)
7.18661403656,(37.646484375, 28.082111442)
7.19677901268,(37.646484375, 28.082111442)
7.2069401741,(31.640625, 28.082111442)
7.21720004082,(31.640625, -16.046920823999997)
7.22748804092,(31.640625, -16.046920823999997)
7.23764014244,(23.4375, -16.046920823999997)
7.24779319763,(23.4375, -72.211143708)
7.25794911385,(23.4375, -72.211143708)
7.26807403564,(23.4375, -72.211143708)
7.27822208405,(23.4375, -72.211143708)
7.28837609291,(23.4375, -72.211143708)
7.29853320122,(23.4375, -72.211143708)
7.30871605873,(23.4375, -72.211143708)
7.3188700676,(23.4375, -72.211143708)
7.32901597023,(23.4375, -72.211143708)
7.33918309212,(23.4375, -72.211143708)
7.34933900833,(23.4375, -72.211143708)
7.35948610306,(23.4375, -72.211143708)
7.36964201927,(23.4375, -72.211143708)
7.37979412079,(23.4375, -72.211143708)
7.38994312286,(23.4375, -72.211143708)
7.4001891613,(23.4375, -72.211143708)
7.41042709351,(23.4375, -72.211143708)
7.42057514191,(23.4375, -72.211143708)
7.430727005,(23.4375, -72.211143708)
7.44088315964,(23.4375, -42.791788864)
7.45103311539,(23.4375, -42.791788864)
7.46118307114,(23.73046875, -42.791788864)
7.47134709358,(23.73046875, 5.348973608)
7.48160815239,(23.73046875, 5.348973608)
7.49193406105,(23.73046875, 5.348973608)
7.50209116936,(23.73046875, 5.348973608)
7.5122179985,(23.73046875, 5.348973608)
7.52237915993,(23.73046875, 5.348973608)
7.53252506256,(23.73046875, 5.348973608)
7.54267215729,(23.73046875, 5.348973608)
7.55282211304,(23.73046875, 5.348973608)
7.56296801567,(23.73046875, 5.348973608)
7.57311701775,(23.73046875, 5.348973608)
7.58425307274,(23.73046875, 5.348973608)
7.59449005127,(23.73046875, 5.348973608)
7.60463809967,(23.73046875, 5.348973608)
7.61477708817,(23.73046875, 5.348973608)
7.62492704391,(23.73046875, 5.348973608)
7.63507604599,(23.73046875, 5.348973608)
7.64522504807,(23.73046875, 5.348973608)
7.65813803673,(26.3671875, 5.348973608)
7.66836619377,(26.3671875, 18.721407628)
7.67853212357,(32.373046875, 18.721407628)
7.68865418434,(32.373046875, 18.721407628)
7.69879412651,(32.373046875, 49.478005874)
7.70900797844,(32.373046875, 49.478005874)
7.71916818619,(32.373046875, 49.478005874)
7.72932004929,(32.373046875, 49.478005874)
7.73948001862,(32.373046875, 49.478005874)
7.74963212013,(32.373046875, 49.478005874)
7.75977897644,(32.373046875, 49.478005874)
7.76993107796,(32.373046875, 49.478005874)
7.78008008003,(32.373046875, 49.478005874)
7.79022216797,(32.373046875, 49.478005874)
7.80043911934,(32.373046875, 49.478005874)
7.81064915657,(32.373046875, 49.478005874)
7.82079315186,(32.373046875, 49.478005874)
7.8309431076,(32.373046875, 49.478005874)
7.84109115601,(32.373046875, 49.478005874)
7.85133910179,(32.373046875, 49.478005874)
7.86151719093,(32.373046875, 49.478005874)
7.87165808678,(35.302734375, 49.478005874)
7.8817961216,(35.302734375, 49.478005874)
7.89196610451,(35.302734375, 52.152492677999994)
7.902105093,(37.060546875, 52.152492677999994)
7.91227006912,(37.060546875, 52.152492677999994)
7.92242407799,(37.060546875, 29.419354843999997)
7.93257212639,(37.060546875, 29.419354843999997)
7.94276118279,(37.060546875, 29.419354843999997)
7.95291519165,(37.060546875, 29.419354843999997)
7.96306109428,(37.060546875, 29.419354843999997)
7.97321105003,(37.060546875, 29.419354843999997)
7.98339319229,(37.060546875, 29.419354843999997)
7.99371099472,(37.060546875, 29.419354843999997)
8.00384902954,(37.060546875, 29.419354843999997)
8.01398420334,(37.060546875, 29.419354843999997)
8.02413010597,(37.060546875, 29.419354843999997)
8.03434705734,(37.060546875, 29.419354843999997)
8.04462504387,(37.060546875, 29.419354843999997)
8.05475711823,(37.060546875, 29.419354843999997)
8.06490302086,(37.060546875, 29.419354843999997)
8.07506299019,(37.060546875, 29.419354843999997)
8.08521103859,(37.060546875, 29.419354843999997)
8.09536004066,(32.080078125, 29.419354843999997)
8.1055290699,(32.080078125, 29.419354843999997)
8.11568212509,(32.080078125, 1.3372434020000004)
8.12581706047,(24.0234375, 1.3372434020000004)
8.13594913483,(24.0234375, 1.3372434020000004)
8.14615511894,(24.0234375, -49.478005874)
8.15631008148,(24.0234375, -49.478005874)
8.16649603844,(24.0234375, -49.478005874)
8.17668509483,(24.0234375, -49.478005874)
8.18683815002,(24.0234375, -49.478005874)
8.19698810577,(24.0234375, -49.478005874)
8.20713400841,(24.0234375, -49.478005874)
8.21737504005,(24.0234375, -49.478005874)
8.22760009766,(24.0234375, -49.478005874)
8.23773598671,(24.0234375, -49.478005874)
8.24790215492,(24.0234375, -49.478005874)
8.25806713104,(24.0234375, -49.478005874)
8.26821017265,(24.0234375, -49.478005874)
8.27835297585,(24.0234375, -49.478005874)
8.28851699829,(24.0234375, -49.478005874)
8.29865598679,(24.0234375, -49.478005874)
8.30879807472,(24.0234375, -49.478005874)
8.31893706322,(23.876953125, -49.478005874)
8.32915210724,(23.876953125, -49.478005874)
8.33934617043,(23.876953125, -38.780058657999994)
8.34947800636,(24.169921875, -38.780058657999994)
8.359634161,(24.169921875, -38.780058657999994)
8.3697810173,(24.169921875, -5.348973608)
8.3799290657,(24.169921875, -5.348973608)
8.39007115364,(24.169921875, -5.348973608)
8.40027308464,(24.169921875, -5.348973608)
8.4104821682,(24.169921875, -5.348973608)
8.42062211037,(24.169921875, -5.348973608)
8.43075919151,(24.169921875, -5.348973608)
8.44090914726,(24.169921875, -5.348973608)
8.4510550499,(24.169921875, -5.348973608)
8.46409916878,(24.169921875, -5.348973608)
8.47426104546,(24.169921875, -5.348973608)
8.48444104195,(24.169921875, -5.348973608)
8.49638009071,(24.169921875, -5.348973608)
8.50655412674,(24.169921875, -5.348973608)
8.51676607132,(24.169921875, -5.348973608)
8.52694916725,(24.169921875, -5.348973608)
8.5371119976,(24.169921875, -5.348973608)
8.54727315903,(26.806640625, -5.348973608)
8.55743908882,(26.806640625, 4.011730205999999)
8.56758999825,(26.806640625, 4.011730205999999)
8.57774710655,(32.958984375, 4.011730205999999)
8.5880150795,(32.958984375, 4.011730205999999)
8.59817910194,(32.958984375, 42.791788864)
8.60831212997,(32.958984375, 42.791788864)
8.6185901165,(32.958984375, 42.791788864)
8.62881112099,(32.958984375, 42.791788864)
8.63904809952,(32.958984375, 42.791788864)
8.64920401573,(32.958984375, 42.791788864)
8.65938901901,(32.958984375, 42.791788864)
8.66964697838,(32.958984375, 42.791788864)
8.67988300323,(32.958984375, 42.791788864)
8.69004106522,(32.958984375, 42.791788864)
8.7003030777,(32.958984375, 42.791788864)
8.71046113968,(32.958984375, 42.791788864)
8.72059607506,(32.958984375, 42.791788864)
8.73074507713,(32.958984375, 42.791788864)
8.74090719223,(32.958984375, 42.791788864)
8.75106215477,(32.958984375, 42.791788864)
8.76121020317,(32.958984375, 42.791788864)
8.77144813538,(35.888671875, 42.791788864)
8.78159403801,(35.888671875, 50.815249275999996)
8.79175901413,(35.888671875, 50.815249275999996)
8.80206799507,(37.646484375, 50.815249275999996)
8.8123061657,(37.646484375, 50.815249275999996)
8.82254600525,(37.646484375, 30.756598245999996)
8.83270406723,(37.646484375, 30.756598245999996)
8.84291219711,(37.646484375, 30.756598245999996)
8.85312914848,(37.646484375, 30.756598245999996)
8.86335015297,(37.646484375, 30.756598245999996)
8.87354516983,(37.646484375, 30.756598245999996)
8.88379001617,(37.646484375, 30.756598245999996)
8.89398503304,(37.646484375, 30.756598245999996)
8.90414118767,(37.646484375, 30.756598245999996)
8.91438007355,(37.646484375, 30.756598245999996)
8.92469906807,(37.646484375, 30.756598245999996)
8.93494796753,(37.646484375, 30.756598245999996)
8.94513201714,(37.646484375, 30.756598245999996)
8.95533204079,(37.646484375, 30.756598245999996)
8.96549105644,(37.646484375, 30.756598245999996)
8.97565317154,(37.646484375, 30.756598245999996)
8.98589205742,(37.646484375, 30.756598245999996)
8.99612212181,(32.51953125, 30.756598245999996)
9.0081050396,(32.51953125, -18.721407628)
9.01826500893,(32.51953125, -18.721407628)
9.02844405174,(24.31640625, -18.721407628)
9.03861498833,(24.31640625, -66.8621701)
9.04874706268,(24.31640625, -66.8621701)
9.0589120388,(24.31640625, -66.8621701)
9.06905007362,(24.31640625, -66.8621701)
9.07920002937,(24.31640625, -66.8621701)
9.08938312531,(24.31640625, -66.8621701)
9.09959316254,(24.31640625, -66.8621701)
9.10982012749,(24.31640625, -66.8621701)
9.11999297142,(24.31640625, -66.8621701)
9.13015413284,(24.31640625, -66.8621701)
9.1404030323,(24.31640625, -66.8621701)
9.15055799484,(24.31640625, -66.8621701)
9.16070818901,(24.31640625, -66.8621701)
9.17086005211,(24.31640625, -66.8621701)
9.18100905418,(24.31640625, -66.8621701)
9.19116210938,(24.31640625, -66.8621701)
9.20143198967,(24.31640625, -66.8621701)
9.21166801453,(24.31640625, -66.8621701)
9.22183299065,(23.876953125, -66.8621701)
9.23195815086,(23.876953125, -34.768328452)
9.24216508865,(23.876953125, -34.768328452)
9.25235104561,(24.169921875, -34.768328452)
9.26254010201,(24.169921875, -4.011730205999999)
9.27273917198,(24.169921875, -4.011730205999999)
9.28295397758,(24.169921875, -4.011730205999999)
9.29316306114,(24.169921875, -4.011730205999999)
9.30331611633,(24.169921875, -4.011730205999999)
9.31347203255,(24.169921875, -4.011730205999999)
9.32363414764,(24.169921875, -4.011730205999999)
9.33379602432,(24.169921875, -4.011730205999999)
9.34396314621,(24.169921875, -4.011730205999999)
9.35413503647,(24.169921875, -4.011730205999999)
9.36429619789,(24.169921875, -4.011730205999999)
9.37445998192,(24.169921875, -4.011730205999999)
9.38471913338,(24.169921875, -4.011730205999999)
9.39497518539,(24.169921875, -4.011730205999999)
9.4051220417,(24.169921875, -4.011730205999999)
9.41524219513,(24.169921875, -4.011730205999999)
9.42539811134,(24.169921875, -4.011730205999999)
9.43557715416,(24.169921875, -4.011730205999999)
9.44581818581,(26.806640625, -4.011730205999999)
9.45605301857,(26.806640625, 5.348973607999999)
9.46624112129,(26.806640625, 5.348973607999999)
9.47643113136,(33.251953125, 5.348973607999999)
9.48658418655,(33.251953125, 40.11730205999999)
9.49673604965,(33.251953125, 40.11730205999999)
9.50689911842,(33.251953125, 40.11730205999999)
9.51705312729,(33.251953125, 40.11730205999999)
9.52720403671,(33.251953125, 40.11730205999999)
9.53737401962,(33.251953125, 40.11730205999999)
9.54755115509,(33.251953125, 40.11730205999999)
9.557721138,(33.251953125, 40.11730205999999)
9.56799697876,(33.251953125, 40.11730205999999)
9.57825112343,(33.251953125, 40.11730205999999)
9.58840918541,(33.251953125, 40.11730205999999)
9.59855318069,(33.251953125, 40.11730205999999)
9.60874915123,(33.251953125, 40.11730205999999)
9.61891913414,(33.251953125, 40.11730205999999)
9.6291000843,(33.251953125, 40.11730205999999)
9.63925814629,(33.251953125, 40.11730205999999)
9.64948511124,(33.251953125, 40.11730205999999)
9.6597340107,(33.251953125, 40.11730205999999)
9.66988515854,(36.181640625, 40.11730205999999)
9.68007516861,(36.181640625, 45.466275667999994)
9.69023418427,(36.181640625, 45.466275667999994)
9.70038318634,(37.646484375, 45.466275667999994)
9.71052908897,(37.646484375, 21.395894432)
9.72068500519,(37.646484375, 21.395894432)
9.73083400726,(37.646484375, 21.395894432)
9.7440431118,(37.646484375, 21.395894432)
9.75422811508,(37.646484375, 21.395894432)
9.76440119743,(37.646484375, 21.395894432)
9.77455806732,(37.646484375, 21.395894432)
9.78475904465,(37.646484375, 21.395894432)
9.7949180603,(37.646484375, 21.395894432)
9.80506014824,(37.646484375, 21.395894432)
9.81519198418,(37.646484375, 21.395894432)
9.82535219193,(37.646484375, 21.395894432)
9.83550405502,(37.646484375, 21.395894432)
9.84574007988,(37.646484375, 21.395894432)
9.85596513748,(37.646484375, 21.395894432)
9.86611008644,(37.646484375, 21.395894432)
9.87631797791,(37.646484375, 21.395894432)
9.88646602631,(32.8125, 21.395894432)
9.89662098885,(32.8125, 21.395894432)
9.90678119659,(32.8125, -30.756598245999996)
9.91693210602,(24.755859375, -30.756598245999996)
9.92708706856,(24.755859375, -30.756598245999996)
9.93724703789,(24.755859375, -80.23460412)
9.94740414619,(24.755859375, -80.23460412)
9.95757102966,(24.755859375, -80.23460412)
9.96780109406,(24.755859375, -80.23460412)
9.97796916962,(24.755859375, -80.23460412)
9.98813414574,(24.755859375, -80.23460412)
9.9982790947,(24.755859375, -80.23460412)
10.0084381104,(24.755859375, -80.23460412)
10.0185930729,(24.755859375, -80.23460412)
10.0288109779,(24.755859375, -80.23460412)
10.039026022,(24.755859375, -80.23460412)
10.0492529869,(24.755859375, -80.23460412)
10.0595090389,(24.755859375, -80.23460412)
10.0696561337,(24.755859375, -80.23460412)
10.0798051357,(24.755859375, -80.23460412)
10.0899720192,(24.755859375, -80.23460412)
10.1001250744,(24.755859375, -80.23460412)
10.1102731228,(24.0234375, -80.23460412)
10.120429039,(24.0234375, -80.23460412)
10.1306190491,(24.0234375, -44.129032265999996)
10.1407651901,(24.169921875, -44.129032265999996)
10.1510350704,(24.169921875, -44.129032265999996)
10.16132617,(24.169921875, -4.011730205999999)
10.1714830399,(24.169921875, -4.011730205999999)
10.1816291809,(24.169921875, -4.011730205999999)
10.1917901039,(24.169921875, -4.011730205999999)
10.2019431591,(24.169921875, -4.011730205999999)
10.2121350765,(24.169921875, -4.011730205999999)
10.2223601341,(24.169921875, -4.011730205999999)
10.2325861454,(24.169921875, -4.011730205999999)
10.2428610325,(24.169921875, -4.011730205999999)
10.2530100346,(24.169921875, -4.011730205999999)
10.2631661892,(24.169921875, -4.011730205999999)
10.2733280659,(24.169921875, -4.011730205999999)
10.2834789753,(24.169921875, -4.011730205999999)
10.29362607,(24.169921875, -4.011730205999999)
10.3037881851,(24.169921875, -4.011730205999999)
10.3139381409,(24.169921875, -4.011730205999999)
10.3240981102,(24.169921875, -4.011730205999999)
10.3361001015,(26.513671875, -4.011730205999999)
10.3462810516,(26.513671875, -4.011730205999999)
10.3564281464,(26.513671875, 4.011730205999999)
10.3680531979,(32.51953125, 4.011730205999999)
10.3782150745,(32.51953125, 4.011730205999999)
10.3883910179,(32.51953125, 30.756598245999996)
10.398553133,(32.51953125, 30.756598245999996)
10.4087131023,(32.51953125, 30.756598245999996)
10.4189651012,(32.51953125, 30.756598245999996)
10.4292140007,(32.51953125, 30.756598245999996)
10.4394490719,(32.51953125, 30.756598245999996)
10.4496920109,(32.51953125, 30.756598245999996)
10.460144043,(32.51953125, 30.756598245999996)
10.4703440666,(32.51953125, 30.756598245999996)
10.4805099964,(32.51953125, 30.756598245999996)
10.4906840324,(32.51953125, 30.756598245999996)
10.5008471012,(32.51953125, 30.756598245999996)
10.5121200085,(32.51953125, 30.756598245999996)
10.5225000381,(32.51953125, 30.756598245999996)
10.532692194,(32.51953125, 30.756598245999996)
10.5428931713,(32.51953125, 30.756598245999996)
10.5530459881,(32.51953125, 30.756598245999996)
10.5631980896,(35.15625, 30.756598245999996)
10.5733730793,(35.15625, 37.442815255999996)
10.5835280418,(35.15625, 37.442815255999996)
10.593667984,(37.939453125, 37.442815255999996)
10.6038200855,(37.939453125, 37.442815255999996)
10.6139709949,(37.939453125, 24.070381236)
10.6241440773,(37.939453125, 24.070381236)
10.6343660355,(37.939453125, 24.070381236)
10.6445741653,(37.939453125, 24.070381236)
10.6547131538,(37.939453125, 24.070381236)
10.6648612022,(37.939453125, 24.070381236)
10.6750051975,(37.939453125, 24.070381236)
10.6851921082,(37.939453125, 24.070381236)
10.695592165,(37.939453125, 24.070381236)
10.7057411671,(37.939453125, 24.070381236)
10.7160310745,(37.939453125, 24.070381236)
10.7263951302,(37.939453125, 24.070381236)
10.7365260124,(37.939453125, 24.070381236)
10.7466611862,(37.939453125, 24.070381236)
10.7569060326,(37.939453125, 24.070381236)
10.7670571804,(37.939453125, 24.070381236)
10.7773211002,(37.939453125, 24.070381236)
10.7876310349,(41.015625, 24.070381236)
10.7977700233,(41.015625, 25.407624638)
10.8079850674,(41.015625, 25.407624638)
10.8181669712,(43.65234375, 25.407624638)
10.8283100128,(43.65234375, 26.74486804)
10.8384950161,(43.65234375, 26.74486804)
10.8486840725,(43.65234375, 26.74486804)
10.8588349819,(43.65234375, 26.74486804)
10.8691871166,(43.65234375, 26.74486804)
10.8794441223,(43.65234375, 26.74486804)
10.8896141052,(43.65234375, 26.74486804)
10.8999960423,(43.65234375, 26.74486804)
10.9101490974,(43.65234375, 26.74486804)
10.9202971458,(43.65234375, 26.74486804)
10.9305729866,(43.65234375, 26.74486804)
10.9408500195,(43.65234375, 26.74486804)
10.9509921074,(43.65234375, 26.74486804)
10.9611320496,(43.65234375, 26.74486804)
10.9712769985,(43.65234375, 26.74486804)
10.9814431667,(43.65234375, 26.74486804)
10.9915881157,(43.65234375, 26.74486804)
11.001734972,(43.65234375, 26.74486804)
11.0118811131,(46.875, 26.74486804)
11.0220479965,(46.875, 29.419354843999997)
11.0321810246,(46.875, 29.419354843999997)
11.0423340797,(50.09765625, 29.419354843999997)
11.0524890423,(50.09765625, 30.756598245999996)
11.0626740456,(50.09765625, 30.756598245999996)
11.072822094,(50.09765625, 30.756598245999996)
11.0829951763,(50.09765625, 30.756598245999996)
11.0931839943,(50.09765625, 30.756598245999996)
11.1033229828,(50.09765625, 30.756598245999996)
11.1136581898,(50.09765625, 30.756598245999996)
11.1239581108,(50.09765625, 30.756598245999996)
11.1341040134,(50.09765625, 30.756598245999996)
11.1442420483,(50.09765625, 30.756598245999996)
11.154389143,(50.09765625, 30.756598245999996)
11.1645281315,(50.09765625, 30.756598245999996)
11.1746740341,(50.09765625, 30.756598245999996)
11.1848549843,(50.09765625, 30.756598245999996)
11.195068121,(50.09765625, 30.756598245999996)
11.2052061558,(50.09765625, 30.756598245999996)
11.2153320312,(50.09765625, 30.756598245999996)
11.2254991531,(50.09765625, 30.756598245999996)
11.2356619835,(53.61328125, 30.756598245999996)
11.2458519936,(53.61328125, 29.419354843999997)
11.2559711933,(53.61328125, 29.419354843999997)
11.2661530972,(57.421875, 29.419354843999997)
11.276309967,(57.421875, 33.43108504999999)
11.2864530087,(57.421875, 33.43108504999999)
11.296598196,(57.421875, 33.43108504999999)
11.3067920208,(57.421875, 33.43108504999999)
11.3169419765,(57.421875, 33.43108504999999)
11.3270850182,(57.421875, 33.43108504999999)
11.3372371197,(57.421875, 33.43108504999999)
11.3473861217,(57.421875, 33.43108504999999)
11.3575310707,(57.421875, 33.43108504999999)
11.3677270412,(57.421875, 33.43108504999999)
11.3779621124,(57.421875, 33.43108504999999)
11.3881211281,(57.421875, 33.43108504999999)
11.3982810974,(57.421875, 33.43108504999999)
11.4083971977,(57.421875, 33.43108504999999)
11.4185640812,(57.421875, 33.43108504999999)
11.4287791252,(57.421875, 33.43108504999999)
11.4389250278,(57.421875, 33.43108504999999)
11.449105978,(57.421875, 33.43108504999999)
11.4594640732,(61.962890625, 33.43108504999999)
11.4695961475,(61.962890625, 40.11730206)
11.4797291756,(61.962890625, 40.11730206)
11.489880085,(66.796875, 40.11730206)
11.500120163,(66.796875, 42.791788864)
11.5102601051,(66.796875, 42.791788864)
11.5204050541,(66.796875, 42.791788864)
11.5305821896,(66.796875, 42.791788864)
11.5407299995,(66.796875, 42.791788864)
11.5509650707,(66.796875, 42.791788864)
11.5611979961,(66.796875, 42.791788864)
11.5713441372,(66.796875, 42.791788864)
11.5814990997,(66.796875, 42.791788864)
11.5916850567,(66.796875, 42.791788864)
11.601952076,(66.796875, 42.791788864)
11.6121721268,(66.796875, 42.791788864)
11.6223380566,(66.796875, 42.791788864)
11.6360461712,(66.796875, 42.791788864)
11.6462130547,(66.796875, 42.791788864)
11.6563720703,(66.796875, 42.791788864)
11.66665411,(66.796875, 42.791788864)
11.6801161766,(70.166015625, 42.791788864)
11.6902689934,(70.166015625, 42.791788864)
11.700576067,(70.166015625, 34.768328452)
11.7108609676,(69.287109375, 34.768328452)
11.7210130692,(69.287109375, 34.768328452)
11.7311739922,(69.287109375, 10.697947216)
11.7413351536,(69.287109375, 10.697947216)
11.7514891624,(69.287109375, 10.697947216)
11.7616400719,(69.287109375, 10.697947216)
11.7718381882,(69.287109375, 10.697947216)
11.7820680141,(69.287109375, 10.697947216)
11.7922091484,(69.287109375, 10.697947216)
11.8023591042,(69.287109375, 10.697947216)
11.8125879765,(69.287109375, 10.697947216)
11.8228399754,(69.287109375, 10.697947216)
11.8330349922,(69.287109375, 10.697947216)
11.843252182,(69.287109375, 10.697947216)
11.856374979,(69.287109375, 10.697947216)
11.8665280342,(69.287109375, 10.697947216)
11.8766820431,(69.287109375, 10.697947216)
11.886852026,(69.287109375, 10.697947216)
11.8970131874,(69.287109375, 10.697947216)
11.9071660042,(61.5234375, 10.697947216)
11.9174001217,(61.5234375, -49.478005874)
11.9276590347,(61.5234375, -49.478005874)
11.9378120899,(53.466796875, -49.478005874)
11.9480450153,(53.466796875, -88.25806453199999)
11.9582250118,(53.466796875, -88.25806453199999)
11.9683921337,(53.466796875, -88.25806453199999)
11.9785921574,(53.466796875, -88.25806453199999)
11.9887809753,(53.466796875, -88.25806453199999)
11.9989299774,(53.466796875, -88.25806453199999)
12.0090870857,(53.466796875, -88.25806453199999)
12.0193171501,(53.466796875, -88.25806453199999)
12.0295469761,(53.466796875, -88.25806453199999)
12.0397660732,(53.466796875, -88.25806453199999)
12.0500030518,(53.466796875, -88.25806453199999)
12.0602250099,(53.466796875, -88.25806453199999)
12.0703799725,(53.466796875, -88.25806453199999)
12.0805270672,(53.466796875, -88.25806453199999)
12.0906620026,(53.466796875, -88.25806453199999)
12.1009011269,(53.466796875, -88.25806453199999)
12.1111381054,(53.466796875, -88.25806453199999)
12.1212830544,(53.466796875, -88.25806453199999)
12.1314280033,(46.2890625, -88.25806453199999)
12.1415929794,(46.2890625, -90.93255133599999)
12.1517369747,(46.2890625, -90.93255133599999)
12.1618890762,(42.333984375, -90.93255133599999)
12.1720061302,(42.333984375, -90.93255133599999)
12.1821510792,(42.333984375, -90.93255133599999)
12.192330122,(42.333984375, -90.93255133599999)
12.2025220394,(42.333984375, -90.93255133599999)
12.2127811909,(42.333984375, -90.93255133599999)
12.2230570316,(42.333984375, -90.93255133599999)
12.2331900597,(42.333984375, -90.93255133599999)
12.2433760166,(42.333984375, -90.93255133599999)
12.2535090446,(42.333984375, -90.93255133599999)
12.2636511326,(42.333984375, -90.93255133599999)
12.2737941742,(42.333984375, -90.93255133599999)
12.2840189934,(42.333984375, -90.93255133599999)
12.294383049,(42.333984375, -90.93255133599999)
12.304516077,(42.333984375, -90.93255133599999)
12.3146791458,(42.333984375, -90.93255133599999)
12.3248560429,(42.333984375, -90.93255133599999)
12.3350071907,(42.333984375, -90.93255133599999)
12.3451759815,(42.333984375, -90.93255133599999)
12.3553371429,(45.263671875, -90.93255133599999)
12.3654930592,(45.263671875, -24.070381236)
12.375647068,(45.263671875, -24.070381236)
12.3857970238,(48.779296875, -24.070381236)
12.3961741924,(48.779296875, 36.105571854)
12.4066050053,(48.779296875, 36.105571854)
12.416863203,(48.779296875, 36.105571854)
12.4271399975,(48.779296875, 36.105571854)
12.4373321533,(48.779296875, 36.105571854)
12.4474890232,(48.779296875, 36.105571854)
12.4576630592,(48.779296875, 36.105571854)
12.4679250717,(48.779296875, 36.105571854)
12.4781191349,(48.779296875, 36.105571854)
12.4882531166,(48.779296875, 36.105571854)
12.4983990192,(48.779296875, 36.105571854)
12.5085451603,(48.779296875, 36.105571854)
12.5187280178,(48.779296875, 36.105571854)
12.5289340019,(48.779296875, 36.105571854)
12.539083004,(48.779296875, 36.105571854)
12.5492901802,(48.779296875, 36.105571854)
12.5594930649,(48.779296875, 36.105571854)
12.5696341991,(48.779296875, 36.105571854)
12.5797710419,(51.5625, 36.105571854)
12.5899550915,(51.5625, 33.43108504999999)
12.6000680923,(51.5625, 33.43108504999999)
12.6102290154,(54.638671875, 33.43108504999999)
12.6204080582,(54.638671875, 29.419354843999997)
12.6305570602,(54.638671875, 29.419354843999997)
12.6406860352,(54.638671875, 29.419354843999997)
12.6509110928,(54.638671875, 29.419354843999997)
12.6611289978,(54.638671875, 29.419354843999997)
12.671257019,(54.638671875, 29.419354843999997)
12.681401968,(54.638671875, 29.419354843999997)
12.6915481091,(54.638671875, 29.419354843999997)
12.7017250061,(54.638671875, 29.419354843999997)
12.7119309902,(54.638671875, 29.419354843999997)
12.7220790386,(54.638671875, 29.419354843999997)
12.7322661877,(54.638671875, 29.419354843999997)
12.7424860001,(54.638671875, 29.419354843999997)
12.7526361942,(54.638671875, 29.419354843999997)
12.7628600597,(54.638671875, 29.419354843999997)
12.773086071,(54.638671875, 29.419354843999997)
12.7832400799,(54.638671875, 29.419354843999997)
12.7933871746,(54.638671875, 29.419354843999997)
12.8035390377,(58.154296875, 29.419354843999997)
12.813699007,(58.154296875, 29.419354843999997)
12.8238451481,(58.154296875, 29.419354843999997)
12.8340911865,(61.376953125, 29.419354843999997)
12.8443460464,(61.376953125, 29.419354843999997)
12.8544871807,(61.376953125, 29.419354843999997)
12.8646490574,(61.376953125, 29.419354843999997)
12.8748149872,(61.376953125, 29.419354843999997)
12.8850390911,(61.376953125, 29.419354843999997)
12.8953151703,(61.376953125, 29.419354843999997)
12.9054791927,(61.376953125, 29.419354843999997)
12.9156861305,(61.376953125, 29.419354843999997)
12.9259231091,(61.376953125, 29.419354843999997)
12.9360799789,(61.376953125, 29.419354843999997)
12.9463131428,(61.376953125, 29.419354843999997)
12.9564931393,(61.376953125, 29.419354843999997)
12.9666800499,(61.376953125, 29.419354843999997)
12.9800691605,(61.376953125, 29.419354843999997)
12.9902281761,(61.376953125, 29.419354843999997)
13.0003790855,(61.376953125, 29.419354843999997)
13.0105271339,(61.376953125, 29.419354843999997)
13.0206689835,(65.0390625, 29.419354843999997)
13.0308270454,(65.0390625, 29.419354843999997)
13.0409910679,(65.0390625, 32.093841647999994)
13.0512809753,(65.0390625, 32.093841647999994)
13.0616321564,(68.408203125, 32.093841647999994)
13.0717861652,(68.408203125, 36.105571854)
13.0819511414,(68.408203125, 36.105571854)
13.0921111107,(68.408203125, 36.105571854)
13.102257967,(68.408203125, 36.105571854)
13.1124069691,(68.408203125, 36.105571854)
13.1225609779,(68.408203125, 36.105571854)
13.1327650547,(68.408203125, 36.105571854)
13.1430311203,(68.408203125, 36.105571854)
13.153181076,(68.408203125, 36.105571854)
13.163629055,(68.408203125, 36.105571854)
13.1737949848,(68.408203125, 36.105571854)
13.1839520931,(68.408203125, 36.105571854)
13.1941030025,(68.408203125, 36.105571854)
13.2042610645,(68.408203125, 36.105571854)
13.2144141197,(68.408203125, 36.105571854)
13.2245709896,(68.408203125, 36.105571854)
13.2349112034,(68.408203125, 36.105571854)
13.2452330589,(68.408203125, 36.105571854)
13.2554020882,(68.408203125, 36.105571854)
13.2655491829,(68.408203125, 20.058651029999996)
13.275673151,(65.33203125, 20.058651029999996)
13.2858211994,(65.33203125, 20.058651029999996)
13.2959721088,(65.33203125, -4.011730205999999)
13.3061261177,(65.33203125, -4.011730205999999)
13.3163790703,(65.33203125, -4.011730205999999)
13.3266470432,(65.33203125, -4.011730205999999)
13.336796999,(65.33203125, -4.011730205999999)
13.3469521999,(65.33203125, -4.011730205999999)
13.3571081161,(65.33203125, -4.011730205999999)
13.3672590256,(65.33203125, -4.011730205999999)
13.3774061203,(65.33203125, -4.011730205999999)
13.3875350952,(65.33203125, -4.011730205999999)
13.3976821899,(65.33203125, -4.011730205999999)
13.407831192,(65.33203125, -4.011730205999999)
13.4180650711,(65.33203125, -4.011730205999999)
13.4284071922,(65.33203125, -4.011730205999999)
13.4385550022,(65.33203125, -4.011730205999999)
13.4486861229,(65.33203125, -4.011730205999999)
13.4588401318,(65.33203125, -4.011730205999999)
13.4689919949,(58.59375, -4.011730205999999)
13.4791781902,(58.59375, -4.011730205999999)
13.489331007,(58.59375, -24.070381235999996)
13.4994840622,(52.734375, -24.070381235999996)
13.509663105,(52.734375, -24.070381235999996)
13.5198121071,(52.734375, -46.80351906999999)
13.529966116,(52.734375, -46.80351906999999)
13.5401241779,(52.734375, -46.80351906999999)
13.5502841473,(52.734375, -46.80351906999999)
13.5604259968,(52.734375, -46.80351906999999)
13.5705840588,(52.734375, -46.80351906999999)
13.5807421207,(52.734375, -46.80351906999999)
13.5908920765,(52.734375, -46.80351906999999)
13.6011359692,(52.734375, -46.80351906999999)
13.6113190651,(52.734375, -46.80351906999999)
13.6214680672,(52.734375, -46.80351906999999)
13.6315920353,(52.734375, -46.80351906999999)
13.6417469978,(52.734375, -46.80351906999999)
13.6519041061,(52.734375, -46.80351906999999)
13.6620600224,(52.734375, -46.80351906999999)
13.6722061634,(52.734375, -46.80351906999999)
13.6823511124,(52.734375, -46.80351906999999)
13.6925201416,(54.345703125, -46.80351906999999)
13.7026669979,(54.345703125, -46.80351906999999)
13.7128140926,(54.345703125, -25.407624637999998)
13.722990036,(54.345703125, -25.407624637999998)
13.7331991196,(58.30078125, -25.407624637999998)
13.7433440685,(58.30078125, 24.070381236)
13.7535011768,(58.30078125, 24.070381236)
13.7636511326,(58.30078125, 24.070381236)
13.7737970352,(58.30078125, 24.070381236)
13.7840080261,(58.30078125, 24.070381236)
13.7942171097,(58.30078125, 24.070381236)
13.8043642044,(58.30078125, 24.070381236)
13.8145151138,(58.30078125, 24.070381236)
13.8246669769,(58.30078125, 24.070381236)
13.8348200321,(58.30078125, 24.070381236)
13.8450081348,(58.30078125, 24.070381236)
13.8551561832,(58.30078125, 24.070381236)
13.8653080463,(58.30078125, 24.070381236)
13.8754761219,(58.30078125, 24.070381236)
13.8856220245,(58.30078125, 24.070381236)
13.8957681656,(58.30078125, 24.070381236)
13.9059331417,(58.30078125, 24.070381236)
13.916077137,(61.962890625, 24.070381236)
13.926222086,(61.962890625, 24.070381236)
13.9363811016,(61.962890625, 37.442815255999996)
13.946532011,(61.962890625, 37.442815255999996)
13.9566860199,(66.357421875, 37.442815255999996)
13.9669260979,(66.357421875, 34.76832845199999)
13.9771749973,(66.357421875, 34.76832845199999)
13.9873211384,(66.357421875, 34.76832845199999)
13.9974770546,(66.357421875, 34.76832845199999)
14.0076282024,(66.357421875, 34.76832845199999)
14.0177791119,(66.357421875, 34.76832845199999)
14.0279290676,(66.357421875, 34.76832845199999)
14.0380749702,(66.357421875, 34.76832845199999)
14.0482301712,(66.357421875, 34.76832845199999)
14.0584080219,(66.357421875, 34.76832845199999)
14.0685651302,(66.357421875, 34.76832845199999)
14.0787160397,(66.357421875, 34.76832845199999)
14.0888860226,(66.357421875, 34.76832845199999)
14.0990321636,(66.357421875, 34.76832845199999)
14.1091840267,(66.357421875, 34.76832845199999)
14.1193301678,(66.357421875, 34.76832845199999)
14.1295340061,(66.357421875, 34.76832845199999)
14.1397590637,(71.484375, 34.76832845199999)
14.1499950886,(71.484375, 34.76832845199999)
14.1602351665,(71.484375, 41.454545462)
14.1703841686,(71.484375, 41.454545462)
14.1805400848,(74.560546875, 41.454545462)
14.1906940937,(74.560546875, 40.11730206)
14.2009840012,(74.560546875, 40.11730206)
14.2112801075,(74.560546875, 40.11730206)
14.2214331627,(74.560546875, 40.11730206)
14.2315840721,(74.560546875, 40.11730206)
14.2417161465,(74.560546875, 40.11730206)
14.2518801689,(74.560546875, 40.11730206)
14.2620611191,(74.560546875, 40.11730206)
14.2722291946,(74.560546875, 40.11730206)
14.2823851109,(74.560546875, 40.11730206)
14.2925331593,(74.560546875, 40.11730206)
14.3026790619,(74.560546875, 40.11730206)
14.3129031658,(74.560546875, 40.11730206)
14.323113203,(74.560546875, 40.11730206)
14.3333060741,(74.560546875, 40.11730206)
14.3435330391,(74.560546875, 40.11730206)
14.3536841869,(74.560546875, 40.11730206)
14.3638341427,(67.96875, 40.11730206)
14.3739881516,(67.96875, 40.11730206)
14.3842291832,(67.96875, -2.6744868040000007)
14.3946449757,(67.96875, -2.6744868040000007)
14.4048461914,(59.619140625, -2.6744868040000007)
14.415017128,(59.619140625, -54.826979482)
14.4251739979,(59.619140625, -54.826979482)
14.4353301525,(59.619140625, -54.826979482)
14.445472002,(59.619140625, -54.826979482)
14.4556350708,(59.619140625, -54.826979482)
14.4657950401,(59.619140625, -54.826979482)
14.4759500027,(59.619140625, -54.826979482)
14.4860961437,(59.619140625, -54.826979482)
14.4963099957,(59.619140625, -54.826979482)
14.5064799786,(59.619140625, -54.826979482)
14.5166721344,(59.619140625, -54.826979482)
14.5269160271,(59.619140625, -54.826979482)
14.5370659828,(59.619140625, -54.826979482)
14.547219038,(59.619140625, -54.826979482)
14.5573711395,(59.619140625, -54.826979482)
14.567620039,(59.619140625, -54.826979482)
14.5778870583,(59.619140625, -54.826979482)
14.5880331993,(48.779296875, -54.826979482)
14.5981841087,(48.779296875, -54.826979482)
14.6083390713,(48.779296875, -86.92082113)
14.6184899807,(48.779296875, -86.92082113)
14.6286990643,(40.283203125, -86.92082113)
14.6388540268,(40.283203125, -97.618768346)
14.6490511894,(40.283203125, -97.618768346)
14.6591980457,(40.283203125, -97.618768346)
14.6693501472,(40.283203125, -97.618768346)
14.6795670986,(40.283203125, -97.618768346)
14.689759016,(40.283203125, -97.618768346)
14.6999759674,(40.283203125, -97.618768346)
14.7101881504,(40.283203125, -97.618768346)
14.7203390598,(40.283203125, -97.618768346)
14.7304890156,(40.283203125, -97.618768346)
14.7406570911,(40.283203125, -97.618768346)
14.7509481907,(40.283203125, -97.618768346)
14.7612071037,(40.283203125, -97.618768346)
14.771351099,(40.283203125, -97.618768346)
14.7814910412,(40.283203125, -97.618768346)
14.7916560173,(40.283203125, -97.618768346)
14.8018050194,(40.283203125, -97.618768346)
14.8119530678,(41.162109375, -97.618768346)
14.8221130371,(41.162109375, -97.618768346)
14.832264185,(41.162109375, -34.76832845199999)
14.8424611092,(41.162109375, -34.76832845199999)
14.8526241779,(43.212890625, -34.76832845199999)
14.8628740311,(43.212890625, 21.395894432)
14.8731501102,(43.212890625, 21.395894432)
14.8833341599,(43.212890625, 21.395894432)
14.8935461044,(43.212890625, 21.395894432)
14.9036931992,(43.212890625, 21.395894432)
14.9138431549,(43.212890625, 21.395894432)
14.9239890575,(43.212890625, 21.395894432)
14.9342420101,(43.212890625, 21.395894432)
14.9444930553,(43.212890625, 21.395894432)
14.9547581673,(43.212890625, 21.395894432)
14.964910984,(43.212890625, 21.395894432)
14.9750621319,(43.212890625, 21.395894432)
14.9852101803,(43.212890625, 21.395894432)
14.9953570366,(43.212890625, 21.395894432)
15.0055119991,(43.212890625, 21.395894432)
15.0156559944,(43.212890625, 21.395894432)
15.0257999897,(43.212890625, 21.395894432)
15.0359530449,(43.798828125, 21.395894432)
15.0461831093,(43.798828125, 21.395894432)
15.0564041138,(43.798828125, 14.709677421999999)
15.0668141842,(43.798828125, 14.709677421999999)
15.0772089958,(44.091796875, 14.709677421999999)
15.0873570442,(44.091796875, 6.686217009999999)
15.097520113,(44.091796875, 6.686217009999999)
15.1076769829,(44.091796875, 6.686217009999999)
15.1178240776,(44.091796875, 6.686217009999999)
15.1279771328,(44.091796875, 6.686217009999999)
15.1381280422,(44.091796875, 6.686217009999999)
15.1482541561,(44.091796875, 6.686217009999999)
15.1584131718,(44.091796875, 6.686217009999999)
15.1685681343,(44.091796875, 6.686217009999999)
15.1787240505,(44.091796875, 6.686217009999999)
15.1888821125,(44.091796875, 6.686217009999999)
15.1990311146,(44.091796875, 6.686217009999999)
15.2091841698,(44.091796875, 6.686217009999999)
15.2193350792,(44.091796875, 6.686217009999999)
15.2295680046,(44.091796875, 6.686217009999999)
15.2397851944,(44.091796875, 6.686217009999999)
15.25,(44.091796875, 6.686217009999999)
15.2602260113,(44.970703125, 6.686217009999999)
15.2703771591,(44.970703125, 6.686217009999999)
15.280534029,(44.970703125, 6.686217009999999)
15.2907121181,(45.849609375, 6.686217009999999)
15.300973177,(45.849609375, 6.686217009999999)
15.3112471104,(45.849609375, 5.348973608)
15.3213989735,(45.849609375, 5.348973608)
15.3315520287,(45.849609375, 5.348973608)
15.3417451382,(45.849609375, 5.348973608)
15.3519041538,(45.849609375, 5.348973608)
15.3620481491,(45.849609375, 5.348973608)
15.3722040653,(45.849609375, 5.348973608)
15.3823540211,(45.849609375, 5.348973608)
15.3925001621,(45.849609375, 5.348973608)
15.4026150703,(45.849609375, 5.348973608)
15.4128251076,(45.849609375, 5.348973608)
15.4230380058,(45.849609375, 5.348973608)
15.4332461357,(45.849609375, 5.348973608)
15.4434640408,(45.849609375, 5.348973608)
15.4536120892,(45.849609375, 5.348973608)
15.4637620449,(45.849609375, 5.348973608)
15.4739210606,(45.849609375, 5.348973608)
15.484290123,(48.046875, 5.348973608)
15.4946081638,(48.046875, 5.348973608)
15.5047621727,(48.046875, 14.709677422)
15.5149011612,(50.68359375, 14.709677422)
15.5250580311,(50.68359375, 14.709677422)
15.5352141857,(50.68359375, 26.74486804)
15.5453670025,(50.68359375, 26.74486804)
15.5555269718,(50.68359375, 26.74486804)
15.5656809807,(50.68359375, 26.74486804)
15.5758290291,(50.68359375, 26.74486804)
15.5859839916,(50.68359375, 26.74486804)
15.5962190628,(50.68359375, 26.74486804)
15.6064431667,(50.68359375, 26.74486804)
15.6166670322,(50.68359375, 26.74486804)
15.6268811226,(50.68359375, 26.74486804)
15.637032032,(50.68359375, 26.74486804)
15.6471841335,(50.68359375, 26.74486804)
15.6573390961,(50.68359375, 26.74486804)
15.6676261425,(50.68359375, 26.74486804)
15.6779100895,(50.68359375, 26.74486804)
15.6880571842,(50.68359375, 26.74486804)
15.6982340813,(50.68359375, 26.74486804)
15.7083940506,(53.759765625, 26.74486804)
15.7185461521,(53.759765625, 26.74486804)
15.728703022,(53.759765625, 26.74486804)
15.7388541698,(56.8359375, 26.74486804)
15.7490041256,(56.8359375, 26.74486804)
15.7591500282,(56.8359375, 26.74486804)
15.7693111897,(56.8359375, 26.74486804)
15.7795460224,(56.8359375, 26.74486804)
15.7897751331,(56.8359375, 26.74486804)
15.8000211716,(56.8359375, 26.74486804)
15.8102531433,(56.8359375, 26.74486804)
15.8204040527,(56.8359375, 26.74486804)
15.8305552006,(56.8359375, 26.74486804)
15.8407051563,(56.8359375, 26.74486804)
15.8509230614,(56.8359375, 26.74486804)
15.861189127,(56.8359375, 26.74486804)
15.8713450432,(56.8359375, 26.74486804)
15.881499052,(56.8359375, 26.74486804)
15.8916521072,(56.8359375, 26.74486804)
15.9018030167,(56.8359375, 26.74486804)
15.9119741917,(56.8359375, 26.74486804)
15.9221379757,(56.8359375, 26.74486804)
15.9322900772,(59.765625, 26.74486804)
15.9424371719,(59.765625, 26.74486804)
15.9525940418,(59.765625, 26.74486804)
15.9640951157,(62.6953125, 26.74486804)
15.9742519855,(62.6953125, 26.74486804)
15.9844791889,(62.6953125, 26.74486804)
15.9946889877,(62.6953125, 26.74486804)
16.0048401356,(62.6953125, 26.74486804)
16.0149819851,(62.6953125, 26.74486804)
16.0251390934,(62.6953125, 26.74486804)
16.035269022,(62.6953125, 26.74486804)
16.0454320908,(62.6953125, 26.74486804)
16.0555911064,(62.6953125, 26.74486804)
16.0657441616,(62.6953125, 26.74486804)
16.0759119987,(62.6953125, 26.74486804)
16.0860540867,(62.6953125, 26.74486804)
16.0962049961,(62.6953125, 26.74486804)
16.1081111431,(62.6953125, 26.74486804)
16.1183760166,(62.6953125, 26.74486804)
16.1285259724,(62.6953125, 26.74486804)
16.1386699677,(62.6953125, 26.74486804)
16.1488180161,(62.6953125, 26.74486804)
16.1589641571,(67.67578125, 26.74486804)
16.1691141129,(67.67578125, 26.74486804)
16.1793520451,(67.67578125, 34.768328452)
16.1895711422,(72.36328125, 34.768328452)
16.1997921467,(72.36328125, 34.768328452)
16.2100481987,(72.36328125, 44.129032265999996)
16.2201991081,(72.36328125, 44.129032265999996)
16.2303490639,(72.36328125, 44.129032265999996)
16.2404971123,(72.36328125, 44.129032265999996)
16.2507221699,(72.36328125, 44.129032265999996)
16.260956049,(72.36328125, 44.129032265999996)
16.2711040974,(72.36328125, 44.129032265999996)
16.2812621593,(72.36328125, 44.129032265999996)
16.2913889885,(72.36328125, 44.129032265999996)
16.3015420437,(72.36328125, 44.129032265999996)
16.3116981983,(72.36328125, 44.129032265999996)
16.3218569756,(72.36328125, 44.129032265999996)
16.3322789669,(72.36328125, 44.129032265999996)
16.3424320221,(72.36328125, 44.129032265999996)
16.352615118,(72.36328125, 44.129032265999996)
16.3628230095,(72.36328125, 44.129032265999996)
16.373044014,(72.36328125, 44.129032265999996)
16.3832540512,(74.4140625, 44.129032265999996)
16.3934631348,(74.4140625, 44.129032265999996)
16.4036180973,(74.4140625, 17.384164225999996)
16.4137701988,(73.2421875, 17.384164225999996)
16.4239220619,(73.2421875, 17.384164225999996)
16.434210062,(73.2421875, -5.348973608)
16.4444730282,(73.2421875, -5.348973608)
16.4546210766,(73.2421875, -5.348973608)
16.4647731781,(73.2421875, -5.348973608)
16.4749991894,(73.2421875, -5.348973608)
16.4851491451,(73.2421875, -5.348973608)
16.4953150749,(73.2421875, -5.348973608)
16.5054821968,(73.2421875, -5.348973608)
16.5156340599,(73.2421875, -5.348973608)
16.5257840157,(73.2421875, -5.348973608)
16.5359389782,(73.2421875, -5.348973608)
16.5462219715,(73.2421875, -5.348973608)
16.5564341545,(73.2421875, -5.348973608)
16.5666520596,(73.2421875, -5.348973608)
16.5768880844,(73.2421875, -5.348973608)
16.5870330334,(73.2421875, -5.348973608)
16.5971851349,(73.2421875, -5.348973608)
16.6073360443,(65.185546875, -5.348973608)
16.617609024,(65.185546875, -5.348973608)
16.6279439926,(65.185546875, -32.093841647999994)
16.6380929947,(56.54296875, -32.093841647999994)
16.6482510567,(56.54296875, -32.093841647999994)
16.6584191322,(56.54296875, -76.22287391399999)
16.668569088,(56.54296875, -76.22287391399999)
16.6787240505,(56.54296875, -76.22287391399999)
16.6888830662,(56.54296875, -76.22287391399999)
16.6990320683,(56.54296875, -76.22287391399999)
16.7092061043,(56.54296875, -76.22287391399999)
16.7193801403,(56.54296875, -76.22287391399999)
16.7296411991,(56.54296875, -76.22287391399999)
16.7399220467,(56.54296875, -76.22287391399999)
16.7501471043,(56.54296875, -76.22287391399999)
16.7603850365,(56.54296875, -76.22287391399999)
16.7705411911,(56.54296875, -76.22287391399999)
16.7806921005,(56.54296875, -76.22287391399999)
16.7908420563,(56.54296875, -76.22287391399999)
16.8011591434,(56.54296875, -76.22287391399999)
16.8115050793,(56.54296875, -76.22287391399999)
16.8216540813,(56.54296875, -76.22287391399999)
16.8317890167,(52.44140625, -76.22287391399999)
16.8419210911,(52.44140625, -62.85043989399999)
16.8520720005,(52.44140625, -62.85043989399999)
16.862224102,(51.416015625, -62.85043989399999)
16.8723809719,(51.416015625, -62.85043989399999)
16.8825380802,(51.416015625, -32.093841647999994)
16.892688036,(51.416015625, -32.093841647999994)
16.9028110504,(51.416015625, -32.093841647999994)
16.9130561352,(51.416015625, -32.093841647999994)
16.9232041836,(51.416015625, -32.093841647999994)
16.9334549904,(51.416015625, -32.093841647999994)
16.9437000751,(51.416015625, -32.093841647999994)
16.956097126,(51.416015625, -32.093841647999994)
16.9662520885,(51.416015625, -32.093841647999994)
16.976402998,(51.416015625, -32.093841647999994)
16.9865500927,(51.416015625, -32.093841647999994)
16.9967031479,(51.416015625, -32.093841647999994)
17.00685215,(51.416015625, -32.093841647999994)
17.0171329975,(51.416015625, -32.093841647999994)
17.0274200439,(51.416015625, -32.093841647999994)
17.0375611782,(51.416015625, -32.093841647999994)
17.0477180481,(51.416015625, -32.093841647999994)
17.0578889847,(53.90625, -32.093841647999994)
17.0680391788,(53.90625, -1.3372434020000004)
17.0781900883,(53.90625, -1.3372434020000004)
17.0883481503,(57.12890625, -1.3372434020000004)
17.0985100269,(57.12890625, 25.407624638)
17.1086871624,(57.12890625, 25.407624638)
17.1188361645,(57.12890625, 25.407624638)
17.1290521622,(57.12890625, 25.407624638)
17.1392931938,(57.12890625, 25.407624638)
17.149515152,(57.12890625, 25.407624638)
17.1597352028,(57.12890625, 25.407624638)
17.1698880196,(57.12890625, 25.407624638)
17.180024147,(57.12890625, 25.407624638)
17.1901750565,(57.12890625, 25.407624638)
17.2004261017,(57.12890625, 25.407624638)
17.2106821537,(57.12890625, 25.407624638)
17.2208220959,(57.12890625, 25.407624638)
17.2309701443,(57.12890625, 25.407624638)
17.2411580086,(57.12890625, 25.407624638)
17.2513110638,(57.12890625, 25.407624638)
17.2614891529,(57.12890625, 25.407624638)
17.2716372013,(57.12890625, 25.407624638)
17.2817862034,(60.498046875, 25.407624638)
17.291934967,(60.498046875, 26.74486804)
17.302074194,(60.498046875, 26.74486804)
17.3122839928,(64.306640625, 26.74486804)
17.3225140572,(64.306640625, 32.093841647999994)
17.3326630592,(64.306640625, 32.093841647999994)
17.3428151608,(64.306640625, 32.093841647999994)
17.3529770374,(64.306640625, 32.093841647999994)
17.3631501198,(64.306640625, 32.093841647999994)
17.3733091354,(64.306640625, 32.093841647999994)
17.3836100101,(64.306640625, 32.093841647999994)
17.3939352036,(64.306640625, 32.093841647999994)
17.4040880203,(64.306640625, 32.093841647999994)
17.4142141342,(64.306640625, 32.093841647999994)
17.4243781567,(64.306640625, 32.093841647999994)
17.4345331192,(64.306640625, 32.093841647999994)
17.4446921349,(64.306640625, 32.093841647999994)
17.4548389912,(64.306640625, 32.093841647999994)
17.4650080204,(64.306640625, 32.093841647999994)
17.4751811028,(64.306640625, 32.093841647999994)
17.4853320122,(64.306640625, 32.093841647999994)
17.495467186,(64.306640625, 32.093841647999994)
17.5056471825,(70.60546875, 32.093841647999994)
17.5157990456,(70.60546875, 48.14076247199999)
17.5259711742,(70.60546875, 48.14076247199999)
17.5361161232,(76.025390625, 48.14076247199999)
17.5480680466,(76.025390625, 58.838709687999994)
17.5582242012,(76.025390625, 58.838709687999994)
17.5685300827,(76.025390625, 58.838709687999994)
17.5788011551,(76.025390625, 58.838709687999994)
17.5889801979,(76.025390625, 58.838709687999994)
17.5991170406,(76.025390625, 58.838709687999994)
17.6093051434,(76.025390625, 58.838709687999994)
17.6195201874,(76.025390625, 58.838709687999994)
17.629679203,(76.025390625, 58.838709687999994)
17.6398530006,(76.025390625, 58.838709687999994)
17.6500251293,(76.025390625, 58.838709687999994)
17.6601800919,(76.025390625, 58.838709687999994)
17.6703431606,(76.025390625, 58.838709687999994)
17.6805021763,(76.025390625, 58.838709687999994)
17.6906571388,(76.025390625, 58.838709687999994)
17.7008831501,(76.025390625, 58.838709687999994)
17.7111179829,(76.025390625, 58.838709687999994)
17.7212700844,(76.025390625, 58.838709687999994)
17.731482029,(76.171875, 58.838709687999994)
17.7416391373,(76.171875, 26.744868039999997)
17.7519180775,(76.171875, 26.744868039999997)
17.7621040344,(72.65625, 26.744868039999997)
17.7722771168,(72.65625, -10.697947216)
17.7824351788,(72.65625, -10.697947216)
17.7926261425,(72.65625, -10.697947216)
17.8027791977,(72.65625, -10.697947216)
17.8129491806,(72.65625, -10.697947216)
17.8231170177,(72.65625, -10.697947216)
17.8333160877,(72.65625, -10.697947216)
17.843485117,(72.65625, -10.697947216)
17.8536369801,(72.65625, -10.697947216)
17.8638010025,(72.65625, -10.697947216)
17.8739550114,(72.65625, -10.697947216)
17.8842949867,(72.65625, -10.697947216)
17.894575119,(72.65625, -10.697947216)
17.9047400951,(72.65625, -10.697947216)
17.9148981571,(72.65625, -10.697947216)
17.9250600338,(72.65625, -10.697947216)
17.9353899956,(72.65625, -10.697947216)
17.9480931759,(64.599609375, -10.697947216)
17.9582409859,(64.599609375, -10.697947216)
17.9685001373,(64.599609375, -50.815249275999996)
17.9787070751,(56.54296875, -50.815249275999996)
17.9888391495,(56.54296875, -50.815249275999996)
17.9989740849,(56.54296875, -85.583577728)
18.0091190338,(56.54296875, -85.583577728)
18.0193450451,(56.54296875, -85.583577728)
18.029487133,(56.54296875, -85.583577728)
18.039632082,(56.54296875, -85.583577728)
18.0498151779,(56.54296875, -85.583577728)
18.0600600243,(56.54296875, -85.583577728)
18.070276022,(56.54296875, -85.583577728)
18.0805871487,(56.54296875, -85.583577728)
18.0908210278,(56.54296875, -85.583577728)
18.10100317,(56.54296875, -85.583577728)
18.1111500263,(56.54296875, -85.583577728)
18.1216020584,(56.54296875, -85.583577728)
18.138130188,(56.54296875, -85.583577728)
18.1482729912,(56.54296875, -85.583577728)
18.1584429741,(56.54296875, -85.583577728)
18.1685881615,(56.54296875, -85.583577728)
18.1787400246,(54.931640625, -85.583577728)
18.1888971329,(54.931640625, -58.838709687999994)
18.1990971565,(54.931640625, -58.838709687999994)
18.2092599869,(56.103515625, -58.838709687999994)
18.2200820446,(56.103515625, -16.046920823999997)
18.2302320004,(56.103515625, -16.046920823999997)
18.2404110432,(56.103515625, -16.046920823999997)
18.2505722046,(56.103515625, -16.046920823999997)
18.2607471943,(56.103515625, -16.046920823999997)
18.2709109783,(56.103515625, -16.046920823999997)
18.2811281681,(56.103515625, -16.046920823999997)
18.2912900448,(56.103515625, -16.046920823999997)
18.3015229702,(56.103515625, -16.046920823999997)
18.3117690086,(56.103515625, -16.046920823999997)
18.3219192028,(56.103515625, -16.046920823999997)
18.3320920467,(56.103515625, -16.046920823999997)
18.3422620296,(56.103515625, -16.046920823999997)
18.3525121212,(56.103515625, -16.046920823999997)
18.3627979755,(56.103515625, -16.046920823999997)
18.3729610443,(56.103515625, -16.046920823999997)
18.3831779957,(56.103515625, -16.046920823999997)
18.3933801651,(60.205078125, -16.046920823999997)
18.4035310745,(60.205078125, -16.046920823999997)
18.4137690067,(60.205078125, 18.721407627999998)
18.4240071774,(60.205078125, 18.721407627999998)
18.4341590405,(65.771484375, 18.721407627999998)
18.4443001747,(65.771484375, 48.14076247199999)
18.4544591904,(65.771484375, 48.14076247199999)
18.4646081924,(65.771484375, 48.14076247199999)
18.4747841358,(65.771484375, 48.14076247199999)
18.4850311279,(65.771484375, 48.14076247199999)
18.4952170849,(65.771484375, 48.14076247199999)
18.5053610802,(65.771484375, 48.14076247199999)
18.515499115,(65.771484375, 48.14076247199999)
18.5256609917,(65.771484375, 48.14076247199999)
18.5358600616,(65.771484375, 48.14076247199999)
18.5461139679,(65.771484375, 48.14076247199999)
18.556303978,(65.771484375, 48.14076247199999)
18.5665230751,(65.771484375, 48.14076247199999)
18.5767741203,(65.771484375, 48.14076247199999)
18.5869231224,(65.771484375, 48.14076247199999)
18.5972700119,(65.771484375, 48.14076247199999)
18.607517004,(65.771484375, 48.14076247199999)
18.6176590919,(71.044921875, 48.14076247199999)
18.6277940273,(71.044921875, 48.14076247199999)
18.6379470825,(71.044921875, 56.164222884)
18.6480731964,(71.044921875, 56.164222884)
18.6582150459,(76.025390625, 56.164222884)
18.6684560776,(76.025390625, 53.48973608)
18.6786930561,(76.025390625, 53.48973608)
18.6888971329,(76.025390625, 53.48973608)
18.6991171837,(76.025390625, 53.48973608)
18.7093520164,(76.025390625, 53.48973608)
18.7195281982,(76.025390625, 53.48973608)
18.7297451496,(76.025390625, 53.48973608)
18.7399110794,(76.025390625, 53.48973608)
18.7501790524,(76.025390625, 53.48973608)
18.7604281902,(76.025390625, 53.48973608)
18.7705841064,(76.025390625, 53.48973608)
18.780850172,(76.025390625, 53.48973608)
18.7911319733,(76.025390625, 53.48973608)
18.8012809753,(76.025390625, 53.48973608)
18.8114731312,(76.025390625, 53.48973608)
18.8216819763,(76.025390625, 53.48973608)
18.8318281174,(76.025390625, 53.48973608)
18.8420250416,(75.732421875, 53.48973608)
18.8522400856,(75.732421875, 53.48973608)
18.862511158,(75.732421875, 28.082111442)
18.8728191853,(75.732421875, 28.082111442)
18.8832030296,(71.923828125, 28.082111442)
18.8934900761,(71.923828125, -8.023460411999999)
18.9037001133,(71.923828125, -8.023460411999999)
18.9140219688,(71.923828125, -8.023460411999999)
18.9243240356,(71.923828125, -8.023460411999999)
18.9346110821,(71.923828125, -8.023460411999999)
18.9448711872,(71.923828125, -8.023460411999999)
18.9550390244,(71.923828125, -8.023460411999999)
18.9653041363,(71.923828125, -8.023460411999999)
18.9755930901,(71.923828125, -8.023460411999999)
18.9857521057,(71.923828125, -8.023460411999999)
18.9959311485,(71.923828125, -8.023460411999999)
19.0061101913,(71.923828125, -8.023460411999999)
19.0162670612,(71.923828125, -8.023460411999999)
19.0264050961,(71.923828125, -8.023460411999999)
19.0365610123,(71.923828125, -8.023460411999999)
19.0467090607,(71.923828125, -8.023460411999999)
19.0568540096,(71.923828125, -8.023460411999999)
19.0670781136,(65.0390625, -8.023460411999999)
19.0773119926,(65.0390625, -8.023460411999999)
19.0875401497,(65.0390625, -37.442815255999996)
19.0977621078,(58.447265625, -37.442815255999996)
19.1079289913,(58.447265625, -37.442815255999996)
19.1181252003,(58.447265625, -64.18768329599999)
19.1283462048,(58.447265625, -64.18768329599999)
19.1384999752,(58.447265625, -64.18768329599999)
19.1486871243,(58.447265625, -64.18768329599999)
19.1589221954,(58.447265625, -64.18768329599999)
19.1690530777,(58.447265625, -64.18768329599999)
19.1792230606,(58.447265625, -64.18768329599999)
19.189412117,(58.447265625, -64.18768329599999)
19.1995940208,(58.447265625, -64.18768329599999)
19.2097330093,(58.447265625, -64.18768329599999)
19.2199020386,(58.447265625, -64.18768329599999)
19.2300519943,(58.447265625, -64.18768329599999)
19.2401762009,(58.447265625, -64.18768329599999)
19.2504429817,(58.447265625, -64.18768329599999)
19.2606840134,(58.447265625, -64.18768329599999)
19.2708990574,(58.447265625, -64.18768329599999)
19.281124115,(58.447265625, -64.18768329599999)
19.2912790775,(58.88671875, -64.18768329599999)
19.3014931679,(58.88671875, -64.18768329599999)
19.3117301464,(58.88671875, -33.43108505)
19.3218832016,(60.791015625, -33.43108505)
19.3320660591,(60.791015625, -33.43108505)
19.3422989845,(60.791015625, 2.674486804)
19.3524470329,(60.791015625, 2.674486804)
19.3625760078,(60.791015625, 2.674486804)
19.3727390766,(60.791015625, 2.674486804)
19.3828940392,(60.791015625, 2.674486804)
19.3930380344,(60.791015625, 2.674486804)
19.4031891823,(60.791015625, 2.674486804)
19.4133410454,(60.791015625, 2.674486804)
19.4234850407,(60.791015625, 2.674486804)
19.4337031841,(60.791015625, 2.674486804)
19.443926096,(60.791015625, 2.674486804)
19.4541220665,(60.791015625, 2.674486804)
19.464343071,(60.791015625, 2.674486804)
19.4745080471,(60.791015625, 2.674486804)
19.4847362041,(60.791015625, 2.674486804)
19.4949650764,(60.791015625, 2.674486804)
19.5051159859,(60.791015625, 2.674486804)
19.5153100491,(63.57421875, 2.674486804)
19.5255169868,(63.57421875, 2.674486804)
19.5356650352,(63.57421875, 17.384164226)
19.5458521843,(68.84765625, 17.384164226)
19.5560240746,(68.84765625, 17.384164226)
19.5662391186,(68.84765625, 40.11730206)
19.5763981342,(68.84765625, 40.11730206)
19.5865550041,(68.84765625, 40.11730206)
19.5967071056,(68.84765625, 40.11730206)
19.6068542004,(68.84765625, 40.11730206)
19.6171061993,(68.84765625, 40.11730206)
19.627338171,(68.84765625, 40.11730206)
19.6375381947,(68.84765625, 40.11730206)
19.6477520466,(68.84765625, 40.11730206)
19.6579041481,(68.84765625, 40.11730206)
19.6681170464,(68.84765625, 40.11730206)
19.6783471107,(68.84765625, 40.11730206)
19.6885001659,(68.84765625, 40.11730206)
19.6987051964,(68.84765625, 40.11730206)
19.7089350224,(68.84765625, 40.11730206)
19.7190811634,(68.84765625, 40.11730206)
19.7292330265,(68.84765625, 40.11730206)
19.7393920422,(74.853515625, 40.11730206)
19.7495419979,(74.853515625, 40.11730206)
19.7596821785,(74.853515625, 49.478005874)
19.7698290348,(79.1015625, 49.478005874)
19.7799470425,(79.1015625, 49.478005874)
19.7902050018,(79.1015625, 53.48973608)
19.80093503,(79.1015625, 53.48973608)
19.8112831116,(79.1015625, 53.48973608)
19.8215529919,(79.1015625, 53.48973608)
19.8316822052,(79.1015625, 53.48973608)
19.8418400288,(79.1015625, 53.48973608)
19.8519940376,(79.1015625, 53.48973608)
19.8621451855,(79.1015625, 53.48973608)
19.8722941875,(79.1015625, 53.48973608)
19.8881180286,(79.1015625, 53.48973608)
19.898277998,(79.1015625, 53.48973608)
19.9084391594,(79.1015625, 53.48973608)
19.9185931683,(79.1015625, 53.48973608)
19.9320850372,(79.1015625, 53.48973608)
19.9422380924,(79.1015625, 53.48973608)
19.9525210857,(79.1015625, 53.48973608)
19.9628021717,(74.4140625, 53.48973608)
19.9729959965,(74.4140625, 53.48973608)
19.983164072,(74.4140625, 5.348973608000001)
19.9933931828,(66.796875, 5.348973608000001)
