2.71797180176e-05,(77.05078125, 0.0)
0.0141031742096,(77.05078125, 0.0)
0.024257183075,(77.05078125, 0.0)
0.0344021320343,(77.05078125, 0.0)
0.0445461273193,(77.05078125, 0.0)
0.0546929836273,(77.05078125, 0.0)
0.0648400783539,(77.05078125, 0.0)
0.0750021934509,(77.05078125, 0.0)
0.0851581096649,(77.05078125, 0.0)
0.0953149795532,(77.05078125, 0.0)
0.10547709465,(77.05078125, 0.0)
0.115617990494,(77.05078125, 0.0)
0.125775098801,(77.05078125, 0.0)
0.135965108871,(77.05078125, 0.0)
0.148058176041,(77.05078125, 0.0)
0.158215999603,(77.05078125, 0.0)
0.168372154236,(77.05078125, 0.0)
0.18035697937,(77.05078125, 0.0)
0.190946102142,(77.05078125, 0.0)
0.201110124588,(77.05078125, 0.0)
0.212435007095,(77.05078125, 0.0)
0.222978115082,(77.05078125, 0.0)
0.233136177063,(73.53515625, 0.0)
0.243285179138,(73.53515625, -26.74486804)
0.253445148468,(73.53515625, -26.74486804)
0.263597011566,(73.53515625, -26.74486804)
0.273754119873,(73.53515625, -26.74486804)
0.284011125565,(73.53515625, -26.74486804)
0.294229984283,(73.53515625, -26.74486804)
0.304375171661,(73.53515625, -26.74486804)
0.314514160156,(73.53515625, -26.74486804)
0.32467007637,(73.53515625, -26.74486804)
0.33482003212,(73.53515625, -26.74486804)
0.345008134842,(73.53515625, -26.74486804)
0.35516500473,(73.53515625, -26.74486804)
0.365313053131,(73.53515625, -26.74486804)
0.375487089157,(73.53515625, -26.74486804)
0.385640144348,(73.53515625, -26.74486804)
0.395797014236,(73.53515625, -26.74486804)
0.405961036682,(73.53515625, -26.74486804)
0.416134119034,(73.53515625, -26.74486804)
0.426285028458,(73.53515625, -26.74486804)
0.436401128769,(73.53515625, -26.74486804)
0.446550130844,(73.53515625, -26.74486804)
0.456701040268,(56.8359375, -26.74486804)
0.466917991638,(56.8359375, -74.88563051199999)
0.477150201797,(56.8359375, -74.88563051199999)
0.48730301857,(56.8359375, -74.88563051199999)
0.497457027435,(56.8359375, -74.88563051199999)
0.507610082626,(56.8359375, -74.88563051199999)
0.51776099205,(56.8359375, -74.88563051199999)
0.528017997742,(56.8359375, -74.88563051199999)
0.538194179535,(56.8359375, -74.88563051199999)
0.548344135284,(56.8359375, -74.88563051199999)
0.55851817131,(56.8359375, -74.88563051199999)
0.56867313385,(56.8359375, -74.88563051199999)
0.578824996948,(56.8359375, -74.88563051199999)
0.588989973068,(56.8359375, -74.88563051199999)
0.599143028259,(56.8359375, -74.88563051199999)
0.609282970428,(56.8359375, -74.88563051199999)
0.619435071945,(56.8359375, -74.88563051199999)
0.629592180252,(56.8359375, -74.88563051199999)
0.640038013458,(56.8359375, -74.88563051199999)
0.650259017944,(56.8359375, -74.88563051199999)
0.66045498848,(56.8359375, -74.88563051199999)
0.670601129532,(56.8359375, -74.88563051199999)
0.680757045746,(40.72265625, -74.88563051199999)
0.690913200378,(40.72265625, -74.88563051199999)
0.701070070267,(40.72265625, -74.88563051199999)
0.711222171783,(40.72265625, -74.88563051199999)
0.721376180649,(40.72265625, -74.88563051199999)
0.731747150421,(40.72265625, -74.88563051199999)
0.741971969604,(40.72265625, -74.88563051199999)
0.752107143402,(40.72265625, -74.88563051199999)
0.7622590065,(40.72265625, -74.88563051199999)
0.772421121597,(40.72265625, -74.88563051199999)
0.782576084137,(40.72265625, -74.88563051199999)
0.792730093002,(40.72265625, -74.88563051199999)
0.802886009216,(40.72265625, -74.88563051199999)
0.813037157059,(40.72265625, -74.88563051199999)
0.823183059692,(40.72265625, -74.88563051199999)
0.833409070969,(40.72265625, -74.88563051199999)
0.843640089035,(40.72265625, -74.88563051199999)
0.85378909111,(40.72265625, -74.88563051199999)
0.863928079605,(40.72265625, -74.88563051199999)
0.874083995819,(40.72265625, -74.88563051199999)
0.884370088577,(40.72265625, -74.88563051199999)
0.894525051117,(40.72265625, -74.88563051199999)
0.904680967331,(25.1953125, -74.88563051199999)
0.914832115173,(25.1953125, -77.56011731599999)
0.925007104874,(25.1953125, -77.56011731599999)
0.935167074203,(25.1953125, -77.56011731599999)
0.945336103439,(25.1953125, -77.56011731599999)
0.955500125885,(25.1953125, -77.56011731599999)
0.965692996979,(25.1953125, -77.56011731599999)
0.975826025009,(25.1953125, -77.56011731599999)
0.985991001129,(25.1953125, -77.56011731599999)
0.996142148972,(25.1953125, -77.56011731599999)
1.00632405281,(25.1953125, -77.56011731599999)
1.01657605171,(25.1953125, -77.56011731599999)
1.02679610252,(25.1953125, -77.56011731599999)
1.03695011139,(25.1953125, -77.56011731599999)
1.04714012146,(25.1953125, -77.56011731599999)
1.05732011795,(25.1953125, -77.56011731599999)
1.0674932003,(25.1953125, -77.56011731599999)
1.07766604424,(25.1953125, -77.56011731599999)
1.08786797523,(25.1953125, -77.56011731599999)
1.09805607796,(25.1953125, -77.56011731599999)
1.1084010601,(25.1953125, -77.56011731599999)
1.1185541153,(25.1953125, -77.56011731599999)
1.12871003151,(8.7890625, -77.56011731599999)
1.13887310028,(8.7890625, -74.88563051199999)
1.14904308319,(8.7890625, -74.88563051199999)
1.15920615196,(8.7890625, -74.88563051199999)
1.17213702202,(8.7890625, -74.88563051199999)
1.18229413033,(8.7890625, -74.88563051199999)
1.19244813919,(8.7890625, -74.88563051199999)
1.2026040554,(8.7890625, -74.88563051199999)
1.21275901794,(8.7890625, -74.88563051199999)
1.22291612625,(8.7890625, -74.88563051199999)
1.23314404488,(8.7890625, -74.88563051199999)
1.24338006973,(8.7890625, -74.88563051199999)
1.25352406502,(8.7890625, -74.88563051199999)
1.26379919052,(8.7890625, -74.88563051199999)
1.27395200729,(8.7890625, -74.88563051199999)
1.28418397903,(8.7890625, -74.88563051199999)
1.29442214966,(8.7890625, -74.88563051199999)
1.30458211899,(8.7890625, -74.88563051199999)
1.31472802162,(8.7890625, -74.88563051199999)
1.32488107681,(8.7890625, -74.88563051199999)
1.33503007889,(8.7890625, -74.88563051199999)
1.3451821804,(0.5859375, -74.88563051199999)
1.35535311699,(0.5859375, -74.88563051199999)
1.36552214622,(0.5859375, -69.536656904)
1.37571501732,(0.5859375, -69.536656904)
1.38587808609,(0.5859375, -69.536656904)
1.39604401588,(0.5859375, -69.536656904)
1.40620517731,(0.5859375, -69.536656904)
1.416421175,(0.5859375, -69.536656904)
1.4266500473,(0.5859375, -69.536656904)
1.43679404259,(0.5859375, -69.536656904)
1.44694805145,(0.5859375, -69.536656904)
1.45712804794,(0.5859375, -69.536656904)
1.46744298935,(0.5859375, -69.536656904)
1.47772598267,(0.5859375, -69.536656904)
1.48789405823,(0.5859375, -69.536656904)
1.4980430603,(0.5859375, -69.536656904)
1.50819396973,(0.5859375, -69.536656904)
1.51834607124,(0.5859375, -69.536656904)
1.52851200104,(0.5859375, -69.536656904)
1.53867006302,(0.5859375, -69.536656904)
1.54881501198,(0.5859375, -69.536656904)
1.55896401405,(0.5859375, -69.536656904)
1.5691139698,(0.87890625, -69.536656904)
1.57931804657,(0.87890625, -69.536656904)
1.58953619003,(0.87890625, 5.348973608)
1.59971904755,(0.87890625, 5.348973608)
1.60992908478,(0.87890625, 5.348973608)
1.62007117271,(0.87890625, 5.348973608)
1.63022518158,(0.87890625, 5.348973608)
1.64037919044,(0.87890625, 5.348973608)
1.65061116219,(0.87890625, 5.348973608)
1.66086912155,(0.87890625, 5.348973608)
1.67101716995,(0.87890625, 5.348973608)
1.68116998672,(0.87890625, 5.348973608)
1.69132900238,(0.87890625, 5.348973608)
1.70148420334,(0.87890625, 5.348973608)
1.7116291523,(0.87890625, 5.348973608)
1.72179198265,(0.87890625, 5.348973608)
1.73194813728,(0.87890625, 5.348973608)
1.74210000038,(0.87890625, 5.348973608)
1.75225710869,(0.87890625, 5.348973608)
1.76247811317,(0.87890625, 5.348973608)
1.77271199226,(0.87890625, 5.348973608)
1.78293418884,(0.87890625, 5.348973608)
1.79318499565,(0.5859375, 5.348973608)
1.80333900452,(0.5859375, 5.348973608)
1.81349515915,(0.5859375, -2.674486804)
1.82364797592,(0.5859375, -2.674486804)
1.83391213417,(0.5859375, -2.674486804)
1.84418511391,(0.5859375, -2.674486804)
1.85433197021,(0.5859375, -2.674486804)
1.86448717117,(0.5859375, -2.674486804)
1.87464213371,(0.5859375, -2.674486804)
1.8847951889,(0.5859375, -2.674486804)
1.89494800568,(0.5859375, -2.674486804)
1.90510606766,(0.5859375, -2.674486804)
1.91525006294,(0.5859375, -2.674486804)
1.92540001869,(0.5859375, -2.674486804)
1.93552803993,(0.5859375, -2.674486804)
1.94577598572,(0.5859375, -2.674486804)
1.95606803894,(0.5859375, -2.674486804)
1.96630907059,(0.5859375, -2.674486804)
1.97655415535,(0.5859375, -2.674486804)
1.98670315742,(0.5859375, -2.674486804)
1.99685811996,(0.5859375, -2.674486804)
2.00706100464,(0.5859375, -2.674486804)
2.0173561573,(0.5859375, -2.674486804)
2.02759099007,(0.5859375, -2.674486804)
2.03773808479,(0.5859375, -5.348973608)
2.04788208008,(0.5859375, -5.348973608)
2.05805015564,(0.5859375, -5.348973608)
2.06823015213,(0.5859375, -5.348973608)
2.07838010788,(0.5859375, -5.348973608)
2.08855605125,(0.5859375, -5.348973608)
2.09872317314,(0.5859375, -5.348973608)
2.10888504982,(0.5859375, -5.348973608)
2.11904716492,(0.5859375, -5.348973608)
2.12929797173,(0.5859375, -5.348973608)
2.13951015472,(0.5859375, -5.348973608)
2.14973807335,(0.5859375, -5.348973608)
2.15995502472,(0.5859375, -5.348973608)
2.1701271534,(0.5859375, -5.348973608)
2.1802880764,(0.5859375, -5.348973608)
2.19044709206,(0.5859375, -5.348973608)
2.20072197914,(0.5859375, -5.348973608)
2.21101117134,(0.5859375, -5.348973608)
2.22116303444,(0.5859375, -5.348973608)
2.23131203651,(0.5859375, -5.348973608)
2.24146914482,(0.87890625, -5.348973608)
2.25162220001,(0.87890625, -5.348973608)
2.26177811623,(0.87890625, 2.674486804)
2.2719271183,(0.87890625, 2.674486804)
2.28207802773,(0.87890625, 2.674486804)
2.29223012924,(0.87890625, 2.674486804)
2.30239319801,(0.87890625, 2.674486804)
2.31263017654,(0.87890625, 2.674486804)
2.32284116745,(0.87890625, 2.674486804)
2.33307814598,(0.87890625, 2.674486804)
2.34330797195,(0.87890625, 2.674486804)
2.3534591198,(0.87890625, 2.674486804)
2.36361217499,(0.87890625, 2.674486804)
2.37377810478,(0.87890625, 2.674486804)
2.38402700424,(0.87890625, 2.674486804)
2.3943631649,(0.87890625, 2.674486804)
2.404515028,(0.87890625, 2.674486804)
2.41466999054,(0.87890625, 2.674486804)
2.42483305931,(0.87890625, 2.674486804)
2.43499112129,(0.87890625, 2.674486804)
2.4451520443,(0.87890625, 2.674486804)
2.45529603958,(0.87890625, 2.674486804)
2.46545410156,(0.87890625, 2.674486804)
2.47560119629,(0.87890625, 2.674486804)
2.48574709892,(0.87890625, 8.023460411999999)
2.4959821701,(0.87890625, 8.023460411999999)
2.50614619255,(0.87890625, 8.023460411999999)
2.51636815071,(0.87890625, 8.023460411999999)
2.52658605576,(0.87890625, 8.023460411999999)
2.5367372036,(0.87890625, 8.023460411999999)
2.54689407349,(0.87890625, 8.023460411999999)
2.5570731163,(0.87890625, 8.023460411999999)
2.5673801899,(0.87890625, 8.023460411999999)
2.57766699791,(0.87890625, 8.023460411999999)
2.5878341198,(0.87890625, 8.023460411999999)
2.59799313545,(0.87890625, 8.023460411999999)
2.60814404488,(0.87890625, 8.023460411999999)
2.61829209328,(0.87890625, 8.023460411999999)
2.62844109535,(0.87890625, 8.023460411999999)
2.63860106468,(0.87890625, 8.023460411999999)
2.6487531662,(0.87890625, 8.023460411999999)
2.65890216827,(0.87890625, 8.023460411999999)
2.66903710365,(0.87890625, 8.023460411999999)
2.67922997475,(0.87890625, 8.023460411999999)
2.68943715096,(0.87890625, 8.023460411999999)
2.69966101646,(0.87890625, 8.023460411999999)
2.7098710537,(0.87890625, 0.0)
2.72000598907,(0.87890625, 0.0)
2.73015618324,(0.87890625, 0.0)
2.74030709267,(0.87890625, 0.0)
2.75058317184,(0.87890625, 0.0)
2.76095104218,(0.87890625, 0.0)
2.7711122036,(0.87890625, 0.0)
2.78128099442,(0.87890625, 0.0)
2.79144001007,(0.87890625, 0.0)
2.80159211159,(0.87890625, 0.0)
2.81174397469,(0.87890625, 0.0)
2.82190608978,(0.87890625, 0.0)
2.83202910423,(0.87890625, 0.0)
2.84218001366,(0.87890625, 0.0)
2.85233306885,(0.87890625, 0.0)
2.86255407333,(0.87890625, 0.0)
2.87280511856,(0.87890625, 0.0)
2.88313603401,(0.87890625, 0.0)
2.89339613914,(0.87890625, 0.0)
2.90357613564,(0.87890625, 0.0)
2.91373109818,(0.87890625, 0.0)
2.92389917374,(0.87890625, 0.0)
2.93418502808,(0.87890625, -5.348973608)
2.94443297386,(0.87890625, -5.348973608)
2.95458316803,(0.87890625, -5.348973608)
2.9647359848,(0.87890625, -5.348973608)
2.97493815422,(0.87890625, -5.348973608)
2.98530101776,(0.87890625, -5.348973608)
2.99545407295,(0.87890625, -5.348973608)
3.00564813614,(0.87890625, -5.348973608)
3.01579713821,(0.87890625, -5.348973608)
3.02594900131,(0.87890625, -5.348973608)
3.03610897064,(0.87890625, -5.348973608)
3.04626202583,(0.87890625, -5.348973608)
3.05641317368,(0.87890625, -5.348973608)
3.06664514542,(0.87890625, -5.348973608)
3.07687211037,(0.87890625, -5.348973608)
3.08712816238,(0.87890625, -5.348973608)
3.09728097916,(0.87890625, -5.348973608)
3.10743498802,(0.87890625, -5.348973608)
3.11768317223,(0.87890625, -5.348973608)
3.12794399261,(0.87890625, -5.348973608)
3.13807106018,(0.0, -5.348973608)
3.14821219444,(0.0, -5.348973608)
3.15838503838,(0.0, 5.348973608)
3.16855311394,(0.0, 5.348973608)
3.17870616913,(0.0, 5.348973608)
3.18886709213,(0.0, 5.348973608)
3.19899010658,(0.0, 5.348973608)
3.20914006233,(0.0, 5.348973608)
3.21928405762,(0.0, 5.348973608)
3.22942709923,(0.0, 5.348973608)
3.23958015442,(0.0, 5.348973608)
3.24980711937,(0.0, 5.348973608)
3.26004314423,(0.0, 5.348973608)
3.27018713951,(0.0, 5.348973608)
3.28033804893,(0.0, 5.348973608)
3.29049301147,(0.0, 5.348973608)
3.30076098442,(0.0, 5.348973608)
3.31121206284,(0.0, 5.348973608)
3.32138299942,(0.0, 5.348973608)
3.3315141201,(0.0, 5.348973608)
3.34168314934,(0.0, 5.348973608)
3.35182905197,(0.0, 5.348973608)
3.36198115349,(0.0, 5.348973608)
3.37213897705,(0.0, 5.348973608)
3.38229107857,(0.0, 5.348973608)
3.39242100716,(0.0, 5.348973608)
3.40259003639,(0.0, 5.348973608)
3.41275000572,(0.0, 5.348973608)
3.42289304733,(0.0, 5.348973608)
3.43312120438,(0.0, 5.348973608)
3.44335198402,(0.0, 5.348973608)
3.45350503922,(0.0, 5.348973608)
3.46365714073,(0.0, 5.348973608)
3.47381019592,(0.0, 5.348973608)
3.48406410217,(0.0, 5.348973608)
3.49433207512,(0.0, 5.348973608)
3.50448203087,(0.0, 5.348973608)
3.51463317871,(0.0, 5.348973608)
3.52478599548,(0.0, 5.348973608)
3.53490209579,(0.0, 5.348973608)
3.54505705833,(0.0, 5.348973608)
3.55521416664,(0.0, 5.348973608)
3.56536698341,(0.0, 5.348973608)
3.57551813126,(0.0, 5.348973608)
3.58566999435,(0.0, 5.348973608)
3.59601712227,(0.0, 5.348973608)
3.60621118546,(0.0, 0.0)
3.6164431572,(0.0, 0.0)
3.62676215172,(0.0, 0.0)
3.63691306114,(0.0, 0.0)
3.64706301689,(0.0, 0.0)
3.65721917152,(0.0, 0.0)
3.66746997833,(0.0, 0.0)
3.67771220207,(0.0, 0.0)
3.68786120415,(0.0, 0.0)
3.69802498817,(0.0, 0.0)
3.70818018913,(0.0, 0.0)
3.71833205223,(0.0, 0.0)
3.7284860611,(0.0, 0.0)
3.73864603043,(0.0, 0.0)
3.74879908562,(0.0, 0.0)
3.75894117355,(0.0, 0.0)
3.7690911293,(0.0, 0.0)
3.77928805351,(0.0, 0.0)
3.7894821167,(0.0, 0.0)
3.79997110367,(0.0, 0.0)
3.81089711189,(0.0, 0.0)
3.82108402252,(0.0, 0.0)
3.8312330246,(0.0, -2.674486804)
3.84139704704,(0.0, -2.674486804)
3.85154700279,(0.0, -2.674486804)
3.86169719696,(0.0, -2.674486804)
3.8718559742,(0.0, -2.674486804)
3.88218712807,(0.0, -2.674486804)
3.89248418808,(0.0, -2.674486804)
3.90278697014,(0.0, -2.674486804)
3.91295003891,(0.0, -2.674486804)
3.92311000824,(0.0, -2.674486804)
3.93326616287,(0.0, -2.674486804)
3.94342207909,(0.0, -2.674486804)
3.95357513428,(0.0, -2.674486804)
3.96372318268,(0.0, -2.674486804)
3.97387719154,(0.0, -2.674486804)
3.98405408859,(0.0, -2.674486804)
3.99427103996,(0.0, -2.674486804)
4.00442099571,(0.0, -2.674486804)
4.0145881176,(0.0, -2.674486804)
4.0305211544,(0.0, -2.674486804)
4.04075717926,(0.0, -2.674486804)
4.051030159,(0.0, 2.674486804)
4.06144118309,(0.0, 2.674486804)
4.07163500786,(0.0, 2.674486804)
4.08179616928,(0.0, 2.674486804)
4.09194803238,(0.0, 2.674486804)
4.10210204124,(0.0, 2.674486804)
4.11229014397,(0.0, 2.674486804)
4.12250900269,(0.0, 2.674486804)
4.13271307945,(0.0, 2.674486804)
4.14292001724,(0.0, 2.674486804)
4.15308713913,(0.0, 2.674486804)
4.16324210167,(0.0, 2.674486804)
4.17339897156,(0.0, 2.674486804)
4.18354916573,(0.0, 2.674486804)
4.19370007515,(0.0, 2.674486804)
4.2038500309,(0.0, 2.674486804)
4.21407413483,(0.0, 2.674486804)
4.2244451046,(0.0, 2.674486804)
4.23459410667,(0.0, 2.674486804)
4.24473810196,(0.0, 2.674486804)
4.25485110283,(0.0, 2.674486804)
4.26499509811,(0.0, 2.674486804)
4.27513599396,(0.0, 5.348973608)
4.28528308868,(0.0, 5.348973608)
4.29551315308,(0.0, 5.348973608)
4.3057050705,(0.0, 5.348973608)
4.31595897675,(0.0, 5.348973608)
4.32614517212,(0.0, 5.348973608)
4.33628296852,(0.0, 5.348973608)
4.34642601013,(0.0, 5.348973608)
4.35656809807,(0.0, 5.348973608)
4.36671900749,(0.0, 5.348973608)
4.37687110901,(0.0, 5.348973608)
4.38701415062,(0.0, 5.348973608)
4.39714097977,(0.0, 5.348973608)
4.40738201141,(0.0, 5.348973608)
4.41753315926,(0.0, 5.348973608)
4.42774009705,(0.0, 5.348973608)
4.43790817261,(0.0, 5.348973608)
4.44803500175,(0.0, 5.348973608)
4.45818305016,(0.0, 5.348973608)
4.46833705902,(0.0, 5.348973608)
4.48005914688,(0.0, 5.348973608)
4.49020910263,(0.0, 5.348973608)
4.50044608116,(0.0, -2.674486804)
4.51066207886,(0.0, -2.674486804)
4.52081108093,(0.0, -2.674486804)
4.53096103668,(0.0, -2.674486804)
4.54112005234,(0.0, -2.674486804)
4.55127215385,(0.0, -2.674486804)
4.56142306328,(0.0, -2.674486804)
4.57157301903,(0.0, -2.674486804)
4.5817220211,(0.0, -2.674486804)
4.59190106392,(0.0, -2.674486804)
4.60204815865,(0.0, -2.674486804)
4.61219596863,(0.0, -2.674486804)
4.62233901024,(0.0, -2.674486804)
4.63252711296,(0.0, -2.674486804)
4.64268302917,(0.0, -2.674486804)
4.65284204483,(0.0, -2.674486804)
4.66298508644,(0.0, -2.674486804)
4.67312908173,(0.0, -2.674486804)
4.68335008621,(0.0, -2.674486804)
4.69357514381,(0.0, -2.674486804)
4.70372009277,(0.0, -2.674486804)
4.7138710022,(0.0, -2.674486804)
4.72399306297,(0.0, 0.0)
4.73415017128,(0.0, 0.0)
4.7443921566,(0.0, 0.0)
4.75454306602,(0.0, 0.0)
4.76467204094,(0.0, 0.0)
4.77483606339,(0.0, 0.0)
4.78498506546,(0.0, 0.0)
4.79513502121,(0.0, 0.0)
4.80529403687,(0.0, 0.0)
4.81546711922,(0.0, 0.0)
4.82560610771,(0.0, 0.0)
4.83578419685,(0.0, 0.0)
4.84606814384,(0.0, 0.0)
4.85636115074,(0.0, 0.0)
4.86659502983,(0.0, 0.0)
4.87688302994,(0.0, 0.0)
4.88703918457,(0.0, 0.0)
4.89719009399,(0.0, 0.0)
4.90738320351,(0.0, 0.0)
4.91754007339,(0.0, 0.0)
4.92769217491,(0.0, 0.0)
4.93784713745,(0.0, 0.0)
4.94794416428,(0.0, 2.674486804)
4.95812797546,(0.0, 2.674486804)
4.96834015846,(0.0, 2.674486804)
4.97847819328,(0.0, 2.674486804)
4.9886341095,(0.0, 2.674486804)
4.99877810478,(0.0, 2.674486804)
5.00892114639,(0.0, 2.674486804)
5.01906704903,(0.0, 2.674486804)
5.02925515175,(0.0, 2.674486804)
5.03945112228,(0.0, 2.674486804)
5.04963612556,(0.0, 2.674486804)
5.05983614922,(0.0, 2.674486804)
5.06997513771,(0.0, 2.674486804)
5.0801320076,(0.0, 2.674486804)
5.09027409554,(0.0, 2.674486804)
5.10047698021,(0.0, 2.674486804)
5.11071109772,(0.0, 2.674486804)
5.12085700035,(0.0, 2.674486804)
5.13099503517,(0.0, 2.674486804)
5.14114117622,(0.0, 2.674486804)
5.15129303932,(0.0, 2.674486804)
5.1614279747,(0.0, 2.674486804)
5.17159700394,(0.0, 5.348973608)
5.18180298805,(0.0, 5.348973608)
5.1919901371,(0.0, 5.348973608)
5.20216012001,(0.0, 5.348973608)
5.21236920357,(0.0, 5.348973608)
5.22257804871,(0.0, 5.348973608)
5.23279213905,(0.0, 5.348973608)
5.2430460453,(0.0, 5.348973608)
5.25321316719,(0.0, 5.348973608)
5.26335906982,(0.0, 5.348973608)
5.27350616455,(0.0, 5.348973608)
5.28373813629,(0.0, 5.348973608)
5.29396915436,(0.0, 5.348973608)
5.30412507057,(0.0, 5.348973608)
5.31426000595,(0.0, 5.348973608)
5.3244240284,(0.0, 5.348973608)
5.3345720768,(0.0, 5.348973608)
5.34470915794,(0.0, 5.348973608)
5.35485816002,(0.0, 5.348973608)
5.36500406265,(0.0, 5.348973608)
5.37514305115,(0.0, 5.348973608)
5.3853020668,(0.0, 5.348973608)
5.39546513557,(0.0, -8.023460411999999)
5.40565514565,(0.0, -8.023460411999999)
5.41584014893,(0.0, -8.023460411999999)
5.42606019974,(0.0, -8.023460411999999)
5.43620705605,(0.0, -8.023460411999999)
5.44636702538,(0.0, -8.023460411999999)
5.4565320015,(0.0, -8.023460411999999)
5.46677207947,(0.0, -8.023460411999999)
5.47701215744,(0.0, -8.023460411999999)
5.48715209961,(0.0, -8.023460411999999)
5.49729299545,(0.0, -8.023460411999999)
5.50744509697,(0.0, -8.023460411999999)
5.5175921917,(0.0, -8.023460411999999)
5.52773404121,(0.0, -8.023460411999999)
5.53788304329,(0.0, -8.023460411999999)
5.54800200462,(0.0, -8.023460411999999)
5.55813598633,(0.0, -8.023460411999999)
5.56830716133,(0.0, -8.023460411999999)
5.57842803001,(0.0, -8.023460411999999)
5.58858203888,(0.0, -8.023460411999999)
5.59871912003,(0.0, -8.023460411999999)
5.60888004303,(0.0, -8.023460411999999)
5.61902999878,(0.0, 2.674486804)
5.62918519974,(0.0, 2.674486804)
5.63934516907,(0.0, 2.674486804)
5.64967513084,(0.0, 2.674486804)
5.66005110741,(0.0, 2.674486804)
5.67021799088,(0.0, 2.674486804)
5.68037199974,(0.0, 2.674486804)
5.6905310154,(0.0, 2.674486804)
5.70068502426,(0.0, 2.674486804)
5.71206712723,(0.0, 2.674486804)
5.72223305702,(0.0, 2.674486804)
5.73238110542,(0.0, 2.674486804)
5.74252414703,(0.0, 2.674486804)
5.75267601013,(0.0, 2.674486804)
5.76284909248,(0.0, 2.674486804)
5.773001194,(0.0, 2.674486804)
5.78324508667,(0.0, 2.674486804)
5.79365205765,(0.0, 2.674486804)
5.80379700661,(0.0, 2.674486804)
5.81394100189,(0.0, 2.674486804)
5.82409119606,(0.0, 2.674486804)
5.83440303802,(0.0, 2.674486804)
5.84471416473,(0.0, 2.674486804)
5.854845047,(0.0, 2.674486804)
5.86499810219,(0.0, 2.674486804)
5.87516713142,(0.0, 2.674486804)
5.88531708717,(0.0, 2.674486804)
5.89547610283,(0.0, 2.674486804)
5.90566897392,(0.0, 2.674486804)
5.91582298279,(0.0, 2.674486804)
5.92597699165,(0.0, 2.674486804)
5.93610501289,(0.0, 2.674486804)
5.94625711441,(0.0, 2.674486804)
5.9564101696,(0.0, 2.674486804)
5.96664214134,(0.0, 2.674486804)
5.97689199448,(0.0, 2.674486804)
5.98705101013,(0.0, 2.674486804)
5.99724411964,(0.0, 2.674486804)
6.00740098953,(0.0, 2.674486804)
6.0176820755,(0.0, 2.674486804)
6.02794504166,(0.0, 2.674486804)
6.03810811043,(0.0, 2.674486804)
6.04825806618,(0.0, 2.674486804)
6.05841708183,(0.0, 2.674486804)
6.06857204437,(0.0, 5.348973608)
6.07872319221,(0.0, 5.348973608)
6.0888800621,(0.0, 5.348973608)
6.09902715683,(0.0, 5.348973608)
6.10917806625,(0.0, 5.348973608)
6.11935305595,(0.0, 5.348973608)
6.12951397896,(0.0, 5.348973608)
6.13966202736,(0.0, 5.348973608)
6.14988017082,(0.0, 5.348973608)
6.16011118889,(0.0, 5.348973608)
6.17026209831,(0.0, 5.348973608)
6.1804151535,(0.0, 5.348973608)
6.19056797028,(0.0, 5.348973608)
6.20082402229,(0.0, 5.348973608)
6.21106815338,(0.0, 5.348973608)
6.22121620178,(0.0, 5.348973608)
6.23136401176,(0.0, 5.348973608)
6.24151706696,(0.0, 5.348973608)
6.25166797638,(0.0, 5.348973608)
6.26182603836,(0.0, 5.348973608)
6.27197313309,(0.0, 5.348973608)
6.28212618828,(0.0, 5.348973608)
6.29227900505,(0.0, -8.023460411999999)
6.3040561676,(0.0, -8.023460411999999)
6.31421113014,(0.0, -8.023460411999999)
6.32436609268,(0.0, -8.023460411999999)
6.33456206322,(0.0, -8.023460411999999)
6.34478211403,(0.0, -8.023460411999999)
6.35493302345,(0.0, -8.023460411999999)
6.36507415771,(0.0, -8.023460411999999)
6.37523317337,(0.0, -8.023460411999999)
6.38539600372,(0.0, -8.023460411999999)
6.39562416077,(0.0, -8.023460411999999)
6.40585517883,(0.0, -8.023460411999999)
6.41600799561,(0.0, -8.023460411999999)
6.42616915703,(0.0, -8.023460411999999)
6.43632602692,(0.0, -8.023460411999999)
6.44648313522,(0.0, -8.023460411999999)
6.45665597916,(0.0, -8.023460411999999)
6.46681213379,(0.0, -8.023460411999999)
6.47696614265,(0.0, -8.023460411999999)
6.48712301254,(0.0, -8.023460411999999)
6.49727702141,(0.0, -8.023460411999999)
6.50743103027,(0.0, -8.023460411999999)
6.51761317253,(0.0, -2.674486804)
6.52777600288,(0.0, -2.674486804)
6.53792715073,(0.0, -2.674486804)
6.54807019234,(0.0, -2.674486804)
6.55822300911,(0.0, -2.674486804)
6.56838297844,(0.0, -2.674486804)
6.57852602005,(0.0, -2.674486804)
6.58869719505,(0.0, -2.674486804)
6.59883904457,(0.0, -2.674486804)
6.60900712013,(0.0, -2.674486804)
6.61915898323,(0.0, -2.674486804)
6.62931418419,(0.0, -2.674486804)
6.63947415352,(0.0, -2.674486804)
6.64962816238,(0.0, -2.674486804)
6.65978002548,(0.0, -2.674486804)
6.66993498802,(0.0, -2.674486804)
6.68009519577,(0.0, -2.674486804)
6.69025611877,(0.0, -2.674486804)
6.70049619675,(0.0, -2.674486804)
6.7107591629,(0.0, -2.674486804)
6.720911026,(0.0, -2.674486804)
6.73106312752,(0.0, -2.674486804)
6.74121618271,(0.0, 8.023460411999999)
6.75157213211,(0.0, 8.023460411999999)
6.76177000999,(0.0, 8.023460411999999)
6.77204203606,(0.0, 8.023460411999999)
6.784263134,(0.0, 8.023460411999999)
6.79451799393,(0.0, 8.023460411999999)
6.8046681881,(0.0, 8.023460411999999)
6.81480002403,(0.0, 8.023460411999999)
6.82496619225,(0.0, 8.023460411999999)
6.83511519432,(0.0, 8.023460411999999)
6.84526920319,(0.0, 8.023460411999999)
6.85542917252,(0.0, 8.023460411999999)
6.86558198929,(0.0, 8.023460411999999)
6.87572717667,(0.0, 8.023460411999999)
6.88588213921,(0.0, 8.023460411999999)
6.89610719681,(0.0, 8.023460411999999)
6.90630412102,(0.0, 8.023460411999999)
6.91656303406,(0.0, 8.023460411999999)
6.92818903923,(0.0, 8.023460411999999)
6.93839716911,(0.0, 8.023460411999999)
6.94860100746,(0.0, 8.023460411999999)
6.95875120163,(0.0, -5.348973608)
6.96898317337,(0.0, -5.348973608)
6.9792611599,(0.0, -5.348973608)
6.98951816559,(0.0, -5.348973608)
6.99999213219,(0.0, -5.348973608)
7.01030516624,(0.0, -5.348973608)
7.02044916153,(0.0, -5.348973608)
7.03061699867,(0.0, -5.348973608)
7.04078102112,(0.0, -5.348973608)
7.05093598366,(0.0, -5.348973608)
7.06109213829,(0.0, -5.348973608)
7.07124519348,(0.0, -5.348973608)
7.08141112328,(0.0, -5.348973608)
7.09159016609,(0.0, -5.348973608)
7.10201215744,(0.0, -5.348973608)
7.1122751236,(0.0, -5.348973608)
7.12253904343,(0.0, -5.348973608)
7.13270115852,(0.0, -5.348973608)
7.14284801483,(0.0, -5.348973608)
7.15606307983,(0.0, -5.348973608)
7.16621112823,(0.0, -5.348973608)
7.17644500732,(0.0, -5.348973608)
7.18661403656,(0.0, -5.348973608)
7.19677901268,(0.0, -5.348973608)
7.2069401741,(0.0, -5.348973608)
7.21720004082,(0.0, -5.348973608)
7.22748804092,(0.0, -5.348973608)
7.23764014244,(0.0, -5.348973608)
7.24779319763,(0.0, -5.348973608)
7.25794911385,(0.0, -5.348973608)
7.26807403564,(0.0, -5.348973608)
7.27822208405,(0.0, -5.348973608)
7.28837609291,(0.0, -5.348973608)
7.29853320122,(0.0, -5.348973608)
7.30871605873,(0.0, -5.348973608)
7.3188700676,(0.0, -5.348973608)
7.32901597023,(0.0, -5.348973608)
7.33918309212,(0.0, -5.348973608)
7.34933900833,(0.0, -5.348973608)
7.35948610306,(0.0, -5.348973608)
7.36964201927,(0.0, -5.348973608)
7.37979412079,(0.0, -5.348973608)
7.38994312286,(0.0, -5.348973608)
7.4001891613,(0.0, -5.348973608)
7.41042709351,(0.0, 5.348973608)
7.42057514191,(0.0, 5.348973608)
7.430727005,(0.0, 5.348973608)
7.44088315964,(0.0, 5.348973608)
7.45103311539,(0.0, 5.348973608)
7.46118307114,(0.0, 5.348973608)
7.47134709358,(0.0, 5.348973608)
7.48160815239,(0.0, 5.348973608)
7.49193406105,(0.0, 5.348973608)
7.50209116936,(0.0, 5.348973608)
7.5122179985,(0.0, 5.348973608)
7.52237915993,(0.0, 5.348973608)
7.53252506256,(0.0, 5.348973608)
7.54267215729,(0.0, 5.348973608)
7.55282211304,(0.0, 5.348973608)
7.56296801567,(0.0, 5.348973608)
7.57311701775,(0.0, 5.348973608)
7.58425307274,(0.0, 5.348973608)
7.59449005127,(0.0, 5.348973608)
7.60463809967,(0.0, 5.348973608)
7.61477708817,(0.0, 5.348973608)
7.62492704391,(0.0, 5.348973608)
7.63507604599,(0.0, -2.674486804)
7.64522504807,(0.0, -2.674486804)
7.65813803673,(0.0, -2.674486804)
7.66836619377,(0.0, -2.674486804)
7.67853212357,(0.0, -2.674486804)
7.68865418434,(0.0, -2.674486804)
7.69879412651,(0.0, -2.674486804)
7.70900797844,(0.0, -2.674486804)
7.71916818619,(0.0, -2.674486804)
7.72932004929,(0.0, -2.674486804)
7.73948001862,(0.0, -2.674486804)
7.74963212013,(0.0, -2.674486804)
7.75977897644,(0.0, -2.674486804)
7.76993107796,(0.0, -2.674486804)
7.78008008003,(0.0, -2.674486804)
7.79022216797,(0.0, -2.674486804)
7.80043911934,(0.0, -2.674486804)
7.81064915657,(0.0, -2.674486804)
7.82079315186,(0.0, -2.674486804)
7.8309431076,(0.0, -2.674486804)
7.84109115601,(0.0, -2.674486804)
7.85133910179,(0.0, -2.674486804)
7.86151719093,(0.0, -5.348973608)
7.87165808678,(0.0, -5.348973608)
7.8817961216,(0.0, -5.348973608)
7.89196610451,(0.0, -5.348973608)
7.902105093,(0.0, -5.348973608)
7.91227006912,(0.0, -5.348973608)
7.92242407799,(0.0, -5.348973608)
7.93257212639,(0.0, -5.348973608)
7.94276118279,(0.0, -5.348973608)
7.95291519165,(0.0, -5.348973608)
7.96306109428,(0.0, -5.348973608)
7.97321105003,(0.0, -5.348973608)
7.98339319229,(0.0, -5.348973608)
7.99371099472,(0.0, -5.348973608)
8.00384902954,(0.0, -5.348973608)
8.01398420334,(0.0, -5.348973608)
8.02413010597,(0.0, -5.348973608)
8.03434705734,(0.0, -5.348973608)
8.04462504387,(0.0, -5.348973608)
8.05475711823,(0.0, -5.348973608)
8.06490302086,(0.0, -5.348973608)
8.07506299019,(0.0, -5.348973608)
8.08521103859,(0.0, -2.674486804)
8.09536004066,(0.0, -2.674486804)
8.1055290699,(0.0, -2.674486804)
8.11568212509,(0.0, -2.674486804)
8.12581706047,(0.0, -2.674486804)
8.13594913483,(0.0, -2.674486804)
8.14615511894,(0.0, -2.674486804)
8.15631008148,(0.0, -2.674486804)
8.16649603844,(0.0, -2.674486804)
8.17668509483,(0.0, -2.674486804)
8.18683815002,(0.0, -2.674486804)
8.19698810577,(0.0, -2.674486804)
8.20713400841,(0.0, -2.674486804)
8.21737504005,(0.0, -2.674486804)
8.22760009766,(0.0, -2.674486804)
8.23773598671,(0.0, -2.674486804)
8.24790215492,(0.0, -2.674486804)
8.25806713104,(0.0, -2.674486804)
8.26821017265,(0.0, -2.674486804)
8.27835297585,(0.0, -2.674486804)
8.28851699829,(0.0, -2.674486804)
8.29865598679,(0.0, -2.674486804)
8.30879807472,(0.0, 8.023460411999999)
8.31893706322,(0.0, 8.023460411999999)
8.32915210724,(0.0, 8.023460411999999)
8.33934617043,(0.0, 8.023460411999999)
8.34947800636,(0.0, 8.023460411999999)
8.359634161,(0.0, 8.023460411999999)
8.3697810173,(0.0, 8.023460411999999)
8.3799290657,(0.0, 8.023460411999999)
8.39007115364,(0.0, 8.023460411999999)
8.40027308464,(0.0, 8.023460411999999)
8.4104821682,(0.0, 8.023460411999999)
8.42062211037,(0.0, 8.023460411999999)
8.43075919151,(0.0, 8.023460411999999)
8.44090914726,(0.0, 8.023460411999999)
8.4510550499,(0.0, 8.023460411999999)
8.46409916878,(0.0, 8.023460411999999)
8.47426104546,(0.0, 8.023460411999999)
8.48444104195,(0.0, 8.023460411999999)
8.49638009071,(0.0, 8.023460411999999)
8.50655412674,(0.0, 8.023460411999999)
8.51676607132,(0.0, 8.023460411999999)
8.52694916725,(0.0, -2.674486804)
8.5371119976,(0.0, -2.674486804)
8.54727315903,(0.0, -2.674486804)
8.55743908882,(0.0, -2.674486804)
8.56758999825,(0.0, -2.674486804)
8.57774710655,(0.0, -2.674486804)
8.5880150795,(0.0, -2.674486804)
8.59817910194,(0.0, -2.674486804)
8.60831212997,(0.0, -2.674486804)
8.6185901165,(0.0, -2.674486804)
8.62881112099,(0.0, -2.674486804)
8.63904809952,(0.0, -2.674486804)
8.64920401573,(0.0, -2.674486804)
8.65938901901,(0.0, -2.674486804)
8.66964697838,(0.0, -2.674486804)
8.67988300323,(0.0, -2.674486804)
8.69004106522,(0.0, -2.674486804)
8.7003030777,(0.0, -2.674486804)
8.71046113968,(0.0, -2.674486804)
8.72059607506,(0.0, -2.674486804)
8.73074507713,(0.0, -2.674486804)
8.74090719223,(0.0, -2.674486804)
8.75106215477,(0.0, -5.348973608)
8.76121020317,(0.0, -5.348973608)
8.77144813538,(0.0, -5.348973608)
8.78159403801,(0.0, -5.348973608)
8.79175901413,(0.0, -5.348973608)
8.80206799507,(0.0, -5.348973608)
8.8123061657,(0.0, -5.348973608)
8.82254600525,(0.0, -5.348973608)
8.83270406723,(0.0, -5.348973608)
8.84291219711,(0.0, -5.348973608)
8.85312914848,(0.0, -5.348973608)
8.86335015297,(0.0, -5.348973608)
8.87354516983,(0.0, -5.348973608)
8.88379001617,(0.0, -5.348973608)
8.89398503304,(0.0, -5.348973608)
8.90414118767,(0.0, -5.348973608)
8.91438007355,(0.0, -5.348973608)
8.92469906807,(0.0, -5.348973608)
8.93494796753,(0.0, -5.348973608)
8.94513201714,(0.0, -5.348973608)
8.95533204079,(0.0, -5.348973608)
8.96549105644,(0.0, -5.348973608)
8.97565317154,(0.0, 2.674486804)
8.98589205742,(0.0, 2.674486804)
8.99612212181,(0.0, 2.674486804)
9.0081050396,(0.0, 2.674486804)
9.01826500893,(0.0, 2.674486804)
9.02844405174,(0.0, 2.674486804)
9.03861498833,(0.0, 2.674486804)
9.04874706268,(0.0, 2.674486804)
9.0589120388,(0.0, 2.674486804)
9.06905007362,(0.0, 2.674486804)
9.07920002937,(0.0, 2.674486804)
9.08938312531,(0.0, 2.674486804)
9.09959316254,(0.0, 2.674486804)
9.10982012749,(0.0, 2.674486804)
9.11999297142,(0.0, 2.674486804)
9.13015413284,(0.0, 2.674486804)
9.1404030323,(0.0, 2.674486804)
9.15055799484,(0.0, 2.674486804)
9.16070818901,(0.0, 2.674486804)
9.17086005211,(0.0, 2.674486804)
9.18100905418,(0.0, 2.674486804)
9.19116210938,(0.0, 2.674486804)
9.20143198967,(0.0, -2.674486804)
9.21166801453,(0.0, -2.674486804)
9.22183299065,(0.0, -2.674486804)
9.23195815086,(0.0, -2.674486804)
9.24216508865,(0.0, -2.674486804)
9.25235104561,(0.0, -2.674486804)
9.26254010201,(0.0, -2.674486804)
9.27273917198,(0.0, -2.674486804)
9.28295397758,(0.0, -2.674486804)
9.29316306114,(0.0, -2.674486804)
9.30331611633,(0.0, -2.674486804)
9.31347203255,(0.0, -2.674486804)
9.32363414764,(0.0, -2.674486804)
9.33379602432,(0.0, -2.674486804)
9.34396314621,(0.0, -2.674486804)
9.35413503647,(0.0, -2.674486804)
9.36429619789,(0.0, -2.674486804)
9.37445998192,(0.0, -2.674486804)
9.38471913338,(0.0, -2.674486804)
9.39497518539,(0.0, -2.674486804)
9.4051220417,(0.0, -2.674486804)
9.41524219513,(0.0, -2.674486804)
9.42539811134,(0.0, -5.348973608)
9.43557715416,(0.0, -5.348973608)
9.44581818581,(0.0, -5.348973608)
9.45605301857,(0.0, -5.348973608)
9.46624112129,(0.0, -5.348973608)
9.47643113136,(0.0, -5.348973608)
9.48658418655,(0.0, -5.348973608)
9.49673604965,(0.0, -5.348973608)
9.50689911842,(0.0, -5.348973608)
9.51705312729,(0.0, -5.348973608)
9.52720403671,(0.0, -5.348973608)
9.53737401962,(0.0, -5.348973608)
9.54755115509,(0.0, -5.348973608)
9.557721138,(0.0, -5.348973608)
9.56799697876,(0.0, -5.348973608)
9.57825112343,(0.0, -5.348973608)
9.58840918541,(0.0, -5.348973608)
9.59855318069,(0.0, -5.348973608)
9.60874915123,(0.0, -5.348973608)
9.61891913414,(0.0, -5.348973608)
9.6291000843,(0.0, -5.348973608)
9.63925814629,(0.0, -5.348973608)
9.64948511124,(0.0, 2.674486804)
9.6597340107,(0.0, 2.674486804)
9.66988515854,(0.0, 2.674486804)
9.68007516861,(0.0, 2.674486804)
9.69023418427,(0.0, 2.674486804)
9.70038318634,(0.0, 2.674486804)
9.71052908897,(0.0, 2.674486804)
9.72068500519,(0.0, 2.674486804)
9.73083400726,(0.0, 2.674486804)
9.7440431118,(0.0, 2.674486804)
9.75422811508,(0.0, 2.674486804)
9.76440119743,(0.0, 2.674486804)
9.77455806732,(0.0, 2.674486804)
9.78475904465,(0.0, 2.674486804)
9.7949180603,(0.0, 2.674486804)
9.80506014824,(0.0, 2.674486804)
9.81519198418,(0.0, 2.674486804)
9.82535219193,(0.0, 2.674486804)
9.83550405502,(0.0, 2.674486804)
9.84574007988,(0.0, 2.674486804)
9.85596513748,(0.0, 2.674486804)
9.86611008644,(0.0, 2.674486804)
9.87631797791,(0.0, 5.348973608)
9.88646602631,(0.0, 5.348973608)
9.89662098885,(0.0, 5.348973608)
9.90678119659,(0.0, 5.348973608)
9.91693210602,(0.0, 5.348973608)
9.92708706856,(0.0, 5.348973608)
9.93724703789,(0.0, 5.348973608)
9.94740414619,(0.0, 5.348973608)
9.95757102966,(0.0, 5.348973608)
9.96780109406,(0.0, 5.348973608)
9.97796916962,(0.0, 5.348973608)
9.98813414574,(0.0, 5.348973608)
9.9982790947,(0.0, 5.348973608)
10.0084381104,(0.0, 5.348973608)
10.0185930729,(0.0, 5.348973608)
10.0288109779,(0.0, 5.348973608)
10.039026022,(0.0, 5.348973608)
10.0492529869,(0.0, 5.348973608)
10.0595090389,(0.0, 5.348973608)
10.0696561337,(0.0, 5.348973608)
10.0798051357,(0.0, 5.348973608)
10.0899720192,(0.0, 5.348973608)
10.1001250744,(0.0, -5.348973608)
10.1102731228,(0.0, -5.348973608)
10.120429039,(0.0, -5.348973608)
10.1306190491,(0.0, -5.348973608)
10.1407651901,(0.0, -5.348973608)
10.1510350704,(0.0, -5.348973608)
10.16132617,(0.0, -5.348973608)
10.1714830399,(0.0, -5.348973608)
10.1816291809,(0.0, -5.348973608)
10.1917901039,(0.0, -5.348973608)
10.2019431591,(0.0, -5.348973608)
10.2121350765,(0.0, -5.348973608)
10.2223601341,(0.0, -5.348973608)
10.2325861454,(0.0, -5.348973608)
10.2428610325,(0.0, -5.348973608)
10.2530100346,(0.0, -5.348973608)
10.2631661892,(0.0, -5.348973608)
10.2733280659,(0.0, -5.348973608)
10.2834789753,(0.0, -5.348973608)
10.29362607,(0.0, -5.348973608)
10.3037881851,(0.0, -5.348973608)
10.3139381409,(0.0, -5.348973608)
10.3240981102,(0.0, -2.674486804)
10.3361001015,(0.0, -2.674486804)
10.3462810516,(0.0, -2.674486804)
10.3564281464,(0.0, -2.674486804)
10.3680531979,(0.0, -2.674486804)
10.3782150745,(0.0, -2.674486804)
10.3883910179,(0.0, -2.674486804)
10.398553133,(0.0, -2.674486804)
10.4087131023,(0.0, -2.674486804)
10.4189651012,(0.0, -2.674486804)
10.4292140007,(0.0, -2.674486804)
10.4394490719,(0.0, -2.674486804)
10.4496920109,(0.0, -2.674486804)
10.460144043,(0.0, -2.674486804)
10.4703440666,(0.0, -2.674486804)
10.4805099964,(0.0, -2.674486804)
10.4906840324,(0.0, -2.674486804)
10.5008471012,(0.0, -2.674486804)
10.5121200085,(0.0, -2.674486804)
10.5225000381,(0.0, -2.674486804)
10.532692194,(0.0, -2.674486804)
10.5428931713,(0.0, 8.023460411999999)
10.5530459881,(0.0, 8.023460411999999)
10.5631980896,(0.0, 8.023460411999999)
10.5733730793,(0.0, 8.023460411999999)
10.5835280418,(0.0, 8.023460411999999)
10.593667984,(0.0, 8.023460411999999)
10.6038200855,(0.0, 8.023460411999999)
10.6139709949,(0.0, 8.023460411999999)
10.6241440773,(0.0, 8.023460411999999)
10.6343660355,(0.0, 8.023460411999999)
10.6445741653,(0.0, 8.023460411999999)
10.6547131538,(0.0, 8.023460411999999)
10.6648612022,(0.0, 8.023460411999999)
10.6750051975,(0.0, 8.023460411999999)
10.6851921082,(0.0, 8.023460411999999)
10.695592165,(0.0, 8.023460411999999)
10.7057411671,(0.0, 8.023460411999999)
10.7160310745,(0.0, 8.023460411999999)
10.7263951302,(0.0, 8.023460411999999)
10.7365260124,(0.0, 8.023460411999999)
10.7466611862,(0.0, 8.023460411999999)
10.7569060326,(0.0, 8.023460411999999)
10.7670571804,(0.0, -8.023460411999999)
10.7773211002,(0.0, -8.023460411999999)
10.7876310349,(0.0, -8.023460411999999)
10.7977700233,(0.0, -8.023460411999999)
10.8079850674,(0.0, -8.023460411999999)
10.8181669712,(0.0, -8.023460411999999)
10.8283100128,(0.0, -8.023460411999999)
10.8384950161,(0.0, -8.023460411999999)
10.8486840725,(0.0, -8.023460411999999)
10.8588349819,(0.0, -8.023460411999999)
10.8691871166,(0.0, -8.023460411999999)
10.8794441223,(0.0, -8.023460411999999)
10.8896141052,(0.0, -8.023460411999999)
10.8999960423,(0.0, -8.023460411999999)
10.9101490974,(0.0, -8.023460411999999)
10.9202971458,(0.0, -8.023460411999999)
10.9305729866,(0.0, -8.023460411999999)
10.9408500195,(0.0, -8.023460411999999)
10.9509921074,(0.0, -8.023460411999999)
10.9611320496,(0.0, -8.023460411999999)
10.9712769985,(0.0, -8.023460411999999)
10.9814431667,(0.0, -8.023460411999999)
10.9915881157,(0.0, 0.0)
11.001734972,(0.0, 0.0)
11.0118811131,(0.0, 0.0)
11.0220479965,(0.0, 0.0)
11.0321810246,(0.0, 0.0)
11.0423340797,(0.0, 0.0)
11.0524890423,(0.0, 0.0)
11.0626740456,(0.0, 0.0)
11.072822094,(0.0, 0.0)
11.0829951763,(0.0, 0.0)
11.0931839943,(0.0, 0.0)
11.1033229828,(0.0, 0.0)
11.1136581898,(0.0, 0.0)
11.1239581108,(0.0, 0.0)
11.1341040134,(0.0, 0.0)
11.1442420483,(0.0, 0.0)
11.154389143,(0.0, 0.0)
11.1645281315,(0.0, 0.0)
11.1746740341,(0.0, 0.0)
11.1848549843,(0.0, 0.0)
11.195068121,(0.0, 0.0)
11.2052061558,(0.0, 0.0)
11.2153320312,(0.0, 5.348973608)
11.2254991531,(0.0, 5.348973608)
11.2356619835,(0.0, 5.348973608)
11.2458519936,(0.0, 5.348973608)
11.2559711933,(0.0, 5.348973608)
11.2661530972,(0.0, 5.348973608)
11.276309967,(0.0, 5.348973608)
11.2864530087,(0.0, 5.348973608)
11.296598196,(0.0, 5.348973608)
11.3067920208,(0.0, 5.348973608)
11.3169419765,(0.0, 5.348973608)
11.3270850182,(0.0, 5.348973608)
11.3372371197,(0.0, 5.348973608)
11.3473861217,(0.0, 5.348973608)
11.3575310707,(0.0, 5.348973608)
11.3677270412,(0.0, 5.348973608)
11.3779621124,(0.0, 5.348973608)
11.3881211281,(0.0, 5.348973608)
11.3982810974,(0.0, 5.348973608)
11.4083971977,(0.0, 5.348973608)
11.4185640812,(0.0, 5.348973608)
11.4287791252,(0.87890625, 5.348973608)
11.4389250278,(0.87890625, 0.0)
11.449105978,(0.87890625, 0.0)
11.4594640732,(0.87890625, 0.0)
11.4695961475,(0.87890625, 0.0)
11.4797291756,(0.87890625, 0.0)
11.489880085,(0.87890625, 0.0)
11.500120163,(0.87890625, 0.0)
11.5102601051,(0.87890625, 0.0)
11.5204050541,(0.87890625, 0.0)
11.5305821896,(0.87890625, 0.0)
11.5407299995,(0.87890625, 0.0)
11.5509650707,(0.87890625, 0.0)
11.5611979961,(0.87890625, 0.0)
11.5713441372,(0.87890625, 0.0)
11.5814990997,(0.87890625, 0.0)
11.5916850567,(0.87890625, 0.0)
11.601952076,(0.87890625, 0.0)
11.6121721268,(0.87890625, 0.0)
11.6223380566,(0.87890625, 0.0)
11.6360461712,(0.87890625, 0.0)
11.6462130547,(0.0, 0.0)
11.6563720703,(0.0, 0.0)
11.66665411,(0.0, -10.697947216)
11.6801161766,(0.0, -10.697947216)
11.6902689934,(0.0, -10.697947216)
11.700576067,(0.0, -10.697947216)
11.7108609676,(0.0, -10.697947216)
11.7210130692,(0.0, -10.697947216)
11.7311739922,(0.0, -10.697947216)
11.7413351536,(0.0, -10.697947216)
11.7514891624,(0.0, -10.697947216)
11.7616400719,(0.0, -10.697947216)
11.7718381882,(0.0, -10.697947216)
11.7820680141,(0.0, -10.697947216)
11.7922091484,(0.0, -10.697947216)
11.8023591042,(0.0, -10.697947216)
11.8125879765,(0.0, -10.697947216)
11.8228399754,(0.0, -10.697947216)
11.8330349922,(0.0, -10.697947216)
11.843252182,(0.0, -10.697947216)
11.856374979,(0.0, -10.697947216)
11.8665280342,(0.0, -10.697947216)
11.8766820431,(0.0, -10.697947216)
11.886852026,(0.0, 5.348973608)
11.8970131874,(0.0, 5.348973608)
11.9071660042,(0.0, 5.348973608)
11.9174001217,(0.0, 5.348973608)
11.9276590347,(0.0, 5.348973608)
11.9378120899,(0.0, 5.348973608)
11.9480450153,(0.0, 5.348973608)
11.9582250118,(0.0, 5.348973608)
11.9683921337,(0.0, 5.348973608)
11.9785921574,(0.0, 5.348973608)
11.9887809753,(0.0, 5.348973608)
11.9989299774,(0.0, 5.348973608)
12.0090870857,(0.0, 5.348973608)
12.0193171501,(0.0, 5.348973608)
12.0295469761,(0.0, 5.348973608)
12.0397660732,(0.0, 5.348973608)
12.0500030518,(0.0, 5.348973608)
12.0602250099,(0.0, 5.348973608)
12.0703799725,(0.0, 5.348973608)
12.0805270672,(0.0, 5.348973608)
12.0906620026,(0.0, 5.348973608)
12.1009011269,(0.0, 5.348973608)
12.1111381054,(0.0, -2.674486804)
12.1212830544,(0.0, -2.674486804)
12.1314280033,(0.0, -2.674486804)
12.1415929794,(0.0, -2.674486804)
12.1517369747,(0.0, -2.674486804)
12.1618890762,(0.0, -2.674486804)
12.1720061302,(0.0, -2.674486804)
12.1821510792,(0.0, -2.674486804)
12.192330122,(0.0, -2.674486804)
12.2025220394,(0.0, -2.674486804)
12.2127811909,(0.0, -2.674486804)
12.2230570316,(0.0, -2.674486804)
12.2331900597,(0.0, -2.674486804)
12.2433760166,(0.0, -2.674486804)
12.2535090446,(0.0, -2.674486804)
12.2636511326,(0.0, -2.674486804)
12.2737941742,(0.0, -2.674486804)
12.2840189934,(0.0, -2.674486804)
12.294383049,(0.0, -2.674486804)
12.304516077,(0.0, -2.674486804)
12.3146791458,(0.0, -2.674486804)
12.3248560429,(0.0, -2.674486804)
12.3350071907,(0.0, -2.674486804)
12.3451759815,(0.0, -2.674486804)
12.3553371429,(0.0, -2.674486804)
12.3654930592,(0.0, -2.674486804)
12.375647068,(0.0, -2.674486804)
12.3857970238,(0.0, -2.674486804)
12.3961741924,(0.0, -2.674486804)
12.4066050053,(0.0, -2.674486804)
12.416863203,(0.0, -2.674486804)
12.4271399975,(0.0, -2.674486804)
12.4373321533,(0.0, -2.674486804)
12.4474890232,(0.0, -2.674486804)
12.4576630592,(0.0, -2.674486804)
12.4679250717,(0.0, -2.674486804)
12.4781191349,(0.0, -2.674486804)
12.4882531166,(0.0, -2.674486804)
12.4983990192,(0.0, -2.674486804)
12.5085451603,(0.0, -2.674486804)
12.5187280178,(0.0, -2.674486804)
12.5289340019,(0.0, -2.674486804)
12.539083004,(0.0, -2.674486804)
12.5492901802,(0.0, -2.674486804)
12.5594930649,(0.0, 0.0)
12.5696341991,(0.0, 0.0)
12.5797710419,(0.0, 0.0)
12.5899550915,(0.0, 0.0)
12.6000680923,(0.0, 0.0)
12.6102290154,(0.0, 0.0)
12.6204080582,(0.0, 0.0)
12.6305570602,(0.0, 0.0)
12.6406860352,(0.0, 0.0)
12.6509110928,(0.0, 0.0)
12.6611289978,(0.0, 0.0)
12.671257019,(0.0, 0.0)
12.681401968,(0.0, 0.0)
12.6915481091,(0.0, 0.0)
12.7017250061,(0.0, 0.0)
12.7119309902,(0.0, 0.0)
12.7220790386,(0.0, 0.0)
12.7322661877,(0.0, 0.0)
12.7424860001,(0.0, 0.0)
12.7526361942,(0.0, 0.0)
12.7628600597,(0.0, 0.0)
12.773086071,(0.0, 0.0)
12.7832400799,(0.0, 0.0)
12.7933871746,(0.0, 0.0)
12.8035390377,(0.0, 0.0)
12.813699007,(0.0, 0.0)
12.8238451481,(0.0, 0.0)
12.8340911865,(0.0, 0.0)
12.8443460464,(0.0, 0.0)
12.8544871807,(0.0, 0.0)
12.8646490574,(0.0, 0.0)
12.8748149872,(0.0, 0.0)
12.8850390911,(0.0, 0.0)
12.8953151703,(0.0, 0.0)
12.9054791927,(0.0, 0.0)
12.9156861305,(0.0, 0.0)
12.9259231091,(0.0, 0.0)
12.9360799789,(0.0, 0.0)
12.9463131428,(0.0, 0.0)
12.9564931393,(0.0, 0.0)
12.9666800499,(0.0, 0.0)
12.9800691605,(0.0, 0.0)
12.9902281761,(0.0, 0.0)
13.0003790855,(0.0, 0.0)
13.0105271339,(0.0, 0.0)
13.0206689835,(0.0, 0.0)
13.0308270454,(0.0, 0.0)
13.0409910679,(0.0, 0.0)
13.0512809753,(0.0, 0.0)
13.0616321564,(0.0, 0.0)
13.0717861652,(0.0, 0.0)
13.0819511414,(0.0, 0.0)
13.0921111107,(0.0, 0.0)
13.102257967,(0.0, 0.0)
13.1124069691,(0.0, 0.0)
13.1225609779,(0.0, 0.0)
13.1327650547,(0.0, 0.0)
13.1430311203,(0.0, 0.0)
13.153181076,(0.0, 0.0)
13.163629055,(0.0, 0.0)
13.1737949848,(0.0, 0.0)
13.1839520931,(0.0, 0.0)
13.1941030025,(0.0, 0.0)
13.2042610645,(0.0, 0.0)
13.2144141197,(0.0, 0.0)
13.2245709896,(0.0, 0.0)
13.2349112034,(0.0, 0.0)
13.2452330589,(0.0, 0.0)
13.2554020882,(0.0, 0.0)
13.2655491829,(0.0, 0.0)
13.275673151,(0.0, 0.0)
13.2858211994,(0.0, 0.0)
13.2959721088,(0.0, 0.0)
13.3061261177,(0.0, 0.0)
13.3163790703,(0.0, 0.0)
13.3266470432,(0.0, 0.0)
13.336796999,(0.0, 0.0)
13.3469521999,(0.0, 0.0)
13.3571081161,(0.0, 0.0)
13.3672590256,(0.0, 0.0)
13.3774061203,(0.0, 0.0)
13.3875350952,(0.0, 0.0)
13.3976821899,(0.0, 0.0)
13.407831192,(0.0, 0.0)
13.4180650711,(0.0, 0.0)
13.4284071922,(0.0, 0.0)
13.4385550022,(0.0, 0.0)
13.4486861229,(0.0, 0.0)
13.4588401318,(0.0, 0.0)
13.4689919949,(0.0, 0.0)
13.4791781902,(0.0, 0.0)
13.489331007,(0.0, 0.0)
13.4994840622,(0.0, 0.0)
13.509663105,(0.0, 0.0)
13.5198121071,(0.0, 0.0)
13.529966116,(0.0, 0.0)
13.5401241779,(0.0, 0.0)
13.5502841473,(0.0, 0.0)
13.5604259968,(0.0, 0.0)
13.5705840588,(0.0, 0.0)
13.5807421207,(0.0, 0.0)
13.5908920765,(0.0, 0.0)
13.6011359692,(0.0, 0.0)
13.6113190651,(0.0, 0.0)
13.6214680672,(0.0, 0.0)
13.6315920353,(0.0, 0.0)
13.6417469978,(0.0, 0.0)
13.6519041061,(0.0, 0.0)
13.6620600224,(0.0, 0.0)
13.6722061634,(0.0, 0.0)
13.6823511124,(0.0, 0.0)
13.6925201416,(0.0, 0.0)
13.7026669979,(0.0, 0.0)
13.7128140926,(0.0, 0.0)
13.722990036,(0.0, 0.0)
13.7331991196,(0.0, 0.0)
13.7433440685,(0.0, 0.0)
13.7535011768,(0.0, 0.0)
13.7636511326,(0.0, 0.0)
13.7737970352,(0.0, 0.0)
13.7840080261,(0.0, 0.0)
13.7942171097,(0.0, 0.0)
13.8043642044,(0.0, 0.0)
13.8145151138,(0.0, 0.0)
13.8246669769,(0.0, 0.0)
13.8348200321,(0.0, 0.0)
13.8450081348,(0.0, 0.0)
13.8551561832,(0.0, 0.0)
13.8653080463,(0.0, 0.0)
13.8754761219,(0.0, 0.0)
13.8856220245,(0.0, 0.0)
13.8957681656,(0.0, 0.0)
13.9059331417,(0.0, 0.0)
13.916077137,(0.0, 0.0)
13.926222086,(0.0, 0.0)
13.9363811016,(0.0, 0.0)
13.946532011,(0.0, 0.0)
13.9566860199,(0.0, 0.0)
13.9669260979,(0.0, 0.0)
13.9771749973,(0.0, 0.0)
13.9873211384,(0.0, 0.0)
13.9974770546,(0.0, 0.0)
14.0076282024,(0.0, 0.0)
14.0177791119,(0.0, 0.0)
14.0279290676,(0.0, 0.0)
14.0380749702,(0.0, 0.0)
14.0482301712,(0.0, 0.0)
14.0584080219,(0.0, 0.0)
14.0685651302,(0.0, 0.0)
14.0787160397,(0.0, 0.0)
14.0888860226,(0.0, 0.0)
14.0990321636,(0.0, 0.0)
14.1091840267,(0.0, 0.0)
14.1193301678,(0.0, 0.0)
14.1295340061,(0.0, 0.0)
14.1397590637,(0.0, 0.0)
14.1499950886,(0.0, 0.0)
14.1602351665,(0.0, 0.0)
14.1703841686,(0.0, 0.0)
14.1805400848,(0.0, 0.0)
14.1906940937,(0.0, 0.0)
14.2009840012,(0.0, 0.0)
14.2112801075,(0.0, 0.0)
14.2214331627,(0.0, 0.0)
14.2315840721,(0.0, 0.0)
14.2417161465,(0.0, 0.0)
14.2518801689,(0.0, 0.0)
14.2620611191,(0.0, 0.0)
14.2722291946,(0.0, 0.0)
14.2823851109,(0.0, 0.0)
14.2925331593,(0.0, 0.0)
14.3026790619,(0.0, 0.0)
14.3129031658,(0.0, 0.0)
14.323113203,(0.0, 0.0)
14.3333060741,(0.0, 0.0)
14.3435330391,(0.0, 0.0)
14.3536841869,(0.0, 0.0)
14.3638341427,(0.0, 0.0)
14.3739881516,(0.0, 0.0)
14.3842291832,(0.0, 0.0)
14.3946449757,(0.0, 0.0)
14.4048461914,(0.0, 0.0)
14.415017128,(0.0, 0.0)
14.4251739979,(0.0, 0.0)
14.4353301525,(0.0, 0.0)
14.445472002,(0.0, 0.0)
14.4556350708,(0.0, 0.0)
14.4657950401,(0.0, 0.0)
14.4759500027,(0.0, 0.0)
14.4860961437,(0.0, 0.0)
14.4963099957,(0.0, 0.0)
14.5064799786,(0.0, 0.0)
14.5166721344,(0.0, 0.0)
14.5269160271,(0.0, 0.0)
14.5370659828,(0.0, 0.0)
14.547219038,(0.0, 0.0)
14.5573711395,(0.0, 0.0)
14.567620039,(0.0, 0.0)
14.5778870583,(0.0, 0.0)
14.5880331993,(0.0, 0.0)
14.5981841087,(0.0, 0.0)
14.6083390713,(0.0, 0.0)
14.6184899807,(0.0, 0.0)
14.6286990643,(0.0, 0.0)
14.6388540268,(0.0, 0.0)
14.6490511894,(0.0, 0.0)
14.6591980457,(0.0, 0.0)
14.6693501472,(0.0, 0.0)
14.6795670986,(0.0, 0.0)
14.689759016,(0.0, 0.0)
14.6999759674,(0.0, 0.0)
14.7101881504,(0.0, 0.0)
14.7203390598,(0.0, 0.0)
14.7304890156,(0.0, 0.0)
14.7406570911,(0.0, 0.0)
14.7509481907,(0.0, 0.0)
14.7612071037,(0.0, 0.0)
14.771351099,(0.0, 0.0)
14.7814910412,(0.0, 0.0)
14.7916560173,(0.0, 0.0)
14.8018050194,(0.0, 0.0)
14.8119530678,(0.0, 0.0)
14.8221130371,(0.0, 0.0)
14.832264185,(0.0, 0.0)
14.8424611092,(0.0, 0.0)
14.8526241779,(0.0, 0.0)
14.8628740311,(0.0, 0.0)
14.8731501102,(0.0, 0.0)
14.8833341599,(0.0, 0.0)
14.8935461044,(0.0, 0.0)
14.9036931992,(0.0, 0.0)
14.9138431549,(0.0, 0.0)
14.9239890575,(0.0, 0.0)
14.9342420101,(0.0, 0.0)
14.9444930553,(0.0, 0.0)
14.9547581673,(0.0, 0.0)
14.964910984,(0.0, 0.0)
14.9750621319,(0.0, 0.0)
14.9852101803,(0.0, 0.0)
14.9953570366,(0.0, 0.0)
15.0055119991,(0.0, 0.0)
15.0156559944,(0.0, 0.0)
15.0257999897,(0.0, 0.0)
15.0359530449,(0.0, 0.0)
15.0461831093,(0.0, 0.0)
15.0564041138,(0.0, 0.0)
15.0668141842,(0.0, 0.0)
15.0772089958,(0.0, 0.0)
15.0873570442,(0.0, 0.0)
15.097520113,(0.0, 0.0)
15.1076769829,(0.0, 0.0)
15.1178240776,(0.0, 0.0)
15.1279771328,(0.0, 0.0)
15.1381280422,(0.0, 0.0)
15.1482541561,(0.0, 0.0)
15.1584131718,(0.0, 0.0)
15.1685681343,(0.0, 0.0)
15.1787240505,(0.0, 0.0)
15.1888821125,(0.0, 0.0)
15.1990311146,(0.0, 0.0)
15.2091841698,(0.0, 0.0)
15.2193350792,(0.0, 0.0)
15.2295680046,(0.0, 0.0)
15.2397851944,(0.0, 0.0)
15.25,(0.0, 0.0)
15.2602260113,(0.0, 0.0)
15.2703771591,(0.0, 0.0)
15.280534029,(0.0, 0.0)
15.2907121181,(0.0, 0.0)
15.300973177,(0.0, 0.0)
15.3112471104,(0.0, 0.0)
15.3213989735,(0.0, 0.0)
15.3315520287,(0.0, 0.0)
15.3417451382,(0.0, 0.0)
15.3519041538,(0.0, 0.0)
15.3620481491,(0.0, 0.0)
15.3722040653,(0.0, 0.0)
15.3823540211,(0.0, 0.0)
15.3925001621,(0.0, 0.0)
15.4026150703,(0.0, 0.0)
15.4128251076,(0.0, 0.0)
15.4230380058,(0.0, 0.0)
15.4332461357,(0.0, 0.0)
15.4434640408,(0.0, 0.0)
15.4536120892,(0.0, 0.0)
15.4637620449,(0.0, 0.0)
15.4739210606,(0.0, 0.0)
15.484290123,(0.0, 0.0)
15.4946081638,(0.0, 0.0)
15.5047621727,(0.0, 0.0)
15.5149011612,(0.0, 0.0)
15.5250580311,(0.0, 0.0)
15.5352141857,(0.0, 0.0)
15.5453670025,(0.0, 0.0)
15.5555269718,(0.0, 0.0)
15.5656809807,(0.0, 0.0)
15.5758290291,(0.0, 0.0)
15.5859839916,(0.0, 0.0)
15.5962190628,(0.0, 0.0)
15.6064431667,(0.0, 0.0)
15.6166670322,(0.0, 0.0)
15.6268811226,(0.0, 0.0)
15.637032032,(0.0, 0.0)
15.6471841335,(0.0, 0.0)
15.6573390961,(0.0, 0.0)
15.6676261425,(0.0, 0.0)
15.6779100895,(0.0, 0.0)
15.6880571842,(0.0, 0.0)
15.6982340813,(0.0, 0.0)
15.7083940506,(0.0, 0.0)
15.7185461521,(0.0, 0.0)
15.728703022,(0.0, 0.0)
15.7388541698,(0.0, 0.0)
15.7490041256,(0.0, 0.0)
15.7591500282,(0.0, 0.0)
15.7693111897,(0.0, 0.0)
15.7795460224,(0.0, 0.0)
15.7897751331,(0.0, 0.0)
15.8000211716,(0.0, 0.0)
15.8102531433,(0.0, 0.0)
15.8204040527,(0.0, 0.0)
15.8305552006,(0.0, 0.0)
15.8407051563,(0.0, 0.0)
15.8509230614,(0.0, 0.0)
15.861189127,(0.0, 0.0)
15.8713450432,(0.0, 0.0)
15.881499052,(0.0, 0.0)
15.8916521072,(0.0, 0.0)
15.9018030167,(0.0, 0.0)
15.9119741917,(0.0, 0.0)
15.9221379757,(0.0, 0.0)
15.9322900772,(0.0, 0.0)
15.9424371719,(0.0, 0.0)
15.9525940418,(0.0, 0.0)
15.9640951157,(0.0, 0.0)
15.9742519855,(0.0, 0.0)
15.9844791889,(0.0, 0.0)
15.9946889877,(0.0, 0.0)
16.0048401356,(0.0, 0.0)
16.0149819851,(0.0, 0.0)
16.0251390934,(0.0, 0.0)
16.035269022,(0.0, 0.0)
16.0454320908,(0.0, 0.0)
16.0555911064,(0.0, 0.0)
16.0657441616,(0.0, 0.0)
16.0759119987,(0.0, 0.0)
16.0860540867,(0.0, 0.0)
16.0962049961,(0.0, 0.0)
16.1081111431,(0.0, 0.0)
16.1183760166,(0.0, 0.0)
16.1285259724,(0.0, 0.0)
16.1386699677,(0.0, 0.0)
16.1488180161,(0.0, 0.0)
16.1589641571,(0.0, 0.0)
16.1691141129,(0.0, 0.0)
16.1793520451,(0.0, 0.0)
16.1895711422,(0.0, 0.0)
16.1997921467,(0.0, 0.0)
16.2100481987,(0.0, 0.0)
16.2201991081,(0.0, 0.0)
16.2303490639,(0.0, 0.0)
16.2404971123,(0.0, 0.0)
16.2507221699,(0.0, 0.0)
16.260956049,(0.0, 0.0)
16.2711040974,(0.0, 0.0)
16.2812621593,(0.0, 0.0)
16.2913889885,(0.0, 0.0)
16.3015420437,(0.0, 0.0)
16.3116981983,(0.0, 0.0)
16.3218569756,(0.0, 0.0)
16.3322789669,(0.0, 0.0)
16.3424320221,(0.0, 0.0)
16.352615118,(0.0, 0.0)
16.3628230095,(0.0, 0.0)
16.373044014,(0.0, 0.0)
16.3832540512,(0.0, 0.0)
16.3934631348,(0.0, 0.0)
16.4036180973,(0.0, 0.0)
16.4137701988,(0.0, 0.0)
16.4239220619,(0.0, 0.0)
16.434210062,(0.0, 0.0)
16.4444730282,(0.0, 0.0)
16.4546210766,(0.0, 0.0)
16.4647731781,(0.0, 0.0)
16.4749991894,(0.0, 0.0)
16.4851491451,(0.0, 0.0)
16.4953150749,(0.0, 0.0)
16.5054821968,(0.0, 0.0)
16.5156340599,(0.0, 0.0)
16.5257840157,(0.0, 0.0)
16.5359389782,(0.0, 0.0)
16.5462219715,(0.0, 0.0)
16.5564341545,(0.0, 0.0)
16.5666520596,(0.0, 0.0)
16.5768880844,(0.0, 0.0)
16.5870330334,(0.0, 0.0)
16.5971851349,(0.0, 0.0)
16.6073360443,(0.0, 0.0)
16.617609024,(0.0, 0.0)
16.6279439926,(0.0, 0.0)
16.6380929947,(0.0, 0.0)
16.6482510567,(0.0, 0.0)
16.6584191322,(0.0, 0.0)
16.668569088,(0.0, 0.0)
16.6787240505,(0.0, 0.0)
16.6888830662,(0.0, 0.0)
16.6990320683,(0.0, 0.0)
16.7092061043,(0.0, 0.0)
16.7193801403,(0.0, 0.0)
16.7296411991,(0.0, 0.0)
16.7399220467,(0.0, 0.0)
16.7501471043,(0.0, 0.0)
16.7603850365,(0.0, 0.0)
16.7705411911,(0.0, 0.0)
16.7806921005,(0.0, 0.0)
16.7908420563,(0.0, 0.0)
16.8011591434,(0.0, 0.0)
16.8115050793,(0.0, 0.0)
16.8216540813,(0.0, 0.0)
16.8317890167,(0.0, 0.0)
16.8419210911,(0.0, 0.0)
16.8520720005,(0.0, 0.0)
16.862224102,(0.0, 0.0)
16.8723809719,(0.0, 0.0)
16.8825380802,(0.0, 0.0)
16.892688036,(0.0, 0.0)
16.9028110504,(0.0, 0.0)
16.9130561352,(0.0, 0.0)
16.9232041836,(0.0, 0.0)
16.9334549904,(0.0, 0.0)
16.9437000751,(0.0, 0.0)
16.956097126,(0.0, 0.0)
16.9662520885,(0.0, 0.0)
16.976402998,(0.0, 0.0)
16.9865500927,(0.0, 0.0)
16.9967031479,(0.0, 0.0)
17.00685215,(0.0, 0.0)
17.0171329975,(0.0, 0.0)
17.0274200439,(0.0, 0.0)
17.0375611782,(0.0, 0.0)
17.0477180481,(0.0, 0.0)
17.0578889847,(0.0, 0.0)
17.0680391788,(0.0, 0.0)
17.0781900883,(0.0, 0.0)
17.0883481503,(0.0, 0.0)
17.0985100269,(0.0, 0.0)
17.1086871624,(0.0, 0.0)
17.1188361645,(0.0, 0.0)
17.1290521622,(0.0, 0.0)
17.1392931938,(0.0, 0.0)
17.149515152,(0.0, 0.0)
17.1597352028,(0.0, 0.0)
17.1698880196,(0.0, 0.0)
17.180024147,(0.0, 0.0)
17.1901750565,(0.0, 0.0)
17.2004261017,(0.0, 0.0)
17.2106821537,(0.0, 0.0)
17.2208220959,(0.0, 0.0)
17.2309701443,(0.0, 0.0)
17.2411580086,(0.0, 0.0)
17.2513110638,(0.0, 0.0)
17.2614891529,(0.0, 0.0)
17.2716372013,(0.0, 0.0)
17.2817862034,(0.0, 0.0)
17.291934967,(0.0, 0.0)
17.302074194,(0.0, 0.0)
17.3122839928,(0.0, 0.0)
17.3225140572,(0.0, 0.0)
17.3326630592,(0.0, 0.0)
17.3428151608,(0.0, 0.0)
17.3529770374,(0.0, 0.0)
17.3631501198,(0.0, 0.0)
17.3733091354,(0.0, 0.0)
17.3836100101,(0.0, 0.0)
17.3939352036,(0.0, 0.0)
17.4040880203,(0.0, 0.0)
17.4142141342,(0.0, 0.0)
17.4243781567,(0.0, 0.0)
17.4345331192,(0.0, 0.0)
17.4446921349,(0.0, 0.0)
17.4548389912,(0.0, 0.0)
17.4650080204,(0.0, 0.0)
17.4751811028,(0.0, 0.0)
17.4853320122,(0.0, 0.0)
17.495467186,(0.0, 0.0)
17.5056471825,(0.0, 0.0)
17.5157990456,(0.0, 0.0)
17.5259711742,(0.0, 0.0)
17.5361161232,(0.0, 0.0)
17.5480680466,(0.0, 0.0)
17.5582242012,(0.0, 0.0)
17.5685300827,(0.0, 0.0)
17.5788011551,(0.0, 0.0)
17.5889801979,(0.0, 0.0)
17.5991170406,(0.0, 0.0)
17.6093051434,(0.0, 0.0)
17.6195201874,(0.0, 0.0)
17.629679203,(0.0, 0.0)
17.6398530006,(0.0, 0.0)
17.6500251293,(0.0, 0.0)
17.6601800919,(0.0, 0.0)
17.6703431606,(0.0, 0.0)
17.6805021763,(0.0, 0.0)
17.6906571388,(0.0, 0.0)
17.7008831501,(0.0, 0.0)
17.7111179829,(0.0, 0.0)
17.7212700844,(0.0, 0.0)
17.731482029,(0.0, 0.0)
17.7416391373,(0.0, 0.0)
17.7519180775,(0.0, 0.0)
17.7621040344,(0.0, 0.0)
17.7722771168,(0.0, 0.0)
17.7824351788,(0.0, 0.0)
17.7926261425,(0.0, 0.0)
17.8027791977,(0.0, 0.0)
17.8129491806,(0.0, 0.0)
17.8231170177,(0.0, 0.0)
17.8333160877,(0.0, 0.0)
17.843485117,(0.0, 0.0)
17.8536369801,(0.0, 0.0)
17.8638010025,(0.0, 0.0)
17.8739550114,(0.0, 0.0)
17.8842949867,(0.0, 0.0)
17.894575119,(0.0, 0.0)
17.9047400951,(0.0, 0.0)
17.9148981571,(0.0, 0.0)
17.9250600338,(0.0, 0.0)
17.9353899956,(0.0, 0.0)
17.9480931759,(0.0, 0.0)
17.9582409859,(0.0, 0.0)
17.9685001373,(0.0, 0.0)
17.9787070751,(0.0, 0.0)
17.9888391495,(0.0, 0.0)
17.9989740849,(0.0, 0.0)
18.0091190338,(0.0, 0.0)
18.0193450451,(0.0, 0.0)
18.029487133,(0.0, 0.0)
18.039632082,(0.0, 0.0)
18.0498151779,(0.0, 0.0)
18.0600600243,(0.0, 0.0)
18.070276022,(0.0, 0.0)
18.0805871487,(0.0, 0.0)
18.0908210278,(0.0, 0.0)
18.10100317,(0.0, 0.0)
18.1111500263,(0.0, 0.0)
18.1216020584,(0.0, 0.0)
18.138130188,(0.0, 0.0)
18.1482729912,(0.0, 0.0)
18.1584429741,(0.0, 0.0)
18.1685881615,(0.0, 0.0)
18.1787400246,(0.0, 0.0)
18.1888971329,(0.0, 0.0)
18.1990971565,(0.0, 0.0)
18.2092599869,(0.0, 0.0)
18.2200820446,(0.0, 0.0)
18.2302320004,(0.0, 0.0)
18.2404110432,(0.0, 0.0)
18.2505722046,(0.0, 0.0)
18.2607471943,(0.0, 0.0)
18.2709109783,(0.0, 0.0)
18.2811281681,(0.0, 0.0)
18.2912900448,(0.0, 0.0)
18.3015229702,(0.0, 0.0)
18.3117690086,(0.0, 0.0)
18.3219192028,(0.0, 0.0)
18.3320920467,(0.0, 0.0)
18.3422620296,(0.0, 0.0)
18.3525121212,(0.0, 0.0)
18.3627979755,(0.0, 0.0)
18.3729610443,(0.0, 0.0)
18.3831779957,(0.0, 0.0)
18.3933801651,(0.0, 0.0)
18.4035310745,(0.0, 0.0)
18.4137690067,(0.0, 0.0)
18.4240071774,(0.0, 0.0)
18.4341590405,(0.0, 0.0)
18.4443001747,(0.0, 0.0)
18.4544591904,(0.0, 0.0)
18.4646081924,(0.0, 0.0)
18.4747841358,(0.0, 0.0)
18.4850311279,(0.0, 0.0)
18.4952170849,(0.0, 0.0)
18.5053610802,(0.0, 0.0)
18.515499115,(0.0, 0.0)
18.5256609917,(0.0, 0.0)
18.5358600616,(0.0, 0.0)
18.5461139679,(0.0, 0.0)
18.556303978,(0.0, 0.0)
18.5665230751,(0.0, 0.0)
18.5767741203,(0.0, 0.0)
18.5869231224,(0.0, 0.0)
18.5972700119,(0.0, 0.0)
18.607517004,(0.0, 0.0)
18.6176590919,(0.0, 0.0)
18.6277940273,(0.0, 0.0)
18.6379470825,(0.0, 0.0)
18.6480731964,(0.0, 0.0)
18.6582150459,(0.0, 0.0)
18.6684560776,(0.0, 0.0)
18.6786930561,(0.0, 0.0)
18.6888971329,(0.0, 0.0)
18.6991171837,(0.0, 0.0)
18.7093520164,(0.0, 0.0)
18.7195281982,(0.0, 0.0)
18.7297451496,(0.0, 0.0)
18.7399110794,(0.0, 0.0)
18.7501790524,(0.0, 0.0)
18.7604281902,(0.0, 0.0)
18.7705841064,(0.0, 0.0)
18.780850172,(0.0, 0.0)
18.7911319733,(0.0, 0.0)
18.8012809753,(0.0, 0.0)
18.8114731312,(0.0, 0.0)
18.8216819763,(0.0, 0.0)
18.8318281174,(0.0, 0.0)
18.8420250416,(0.0, 0.0)
18.8522400856,(0.0, 0.0)
18.862511158,(0.0, 0.0)
18.8728191853,(0.0, 0.0)
18.8832030296,(0.0, 0.0)
18.8934900761,(0.0, 0.0)
18.9037001133,(0.0, 0.0)
18.9140219688,(0.0, 0.0)
18.9243240356,(0.0, 0.0)
18.9346110821,(0.0, 0.0)
18.9448711872,(0.0, 0.0)
18.9550390244,(0.0, 0.0)
18.9653041363,(0.0, 0.0)
18.9755930901,(0.0, 0.0)
18.9857521057,(0.0, 0.0)
18.9959311485,(0.0, 0.0)
19.0061101913,(0.0, 0.0)
19.0162670612,(0.0, 0.0)
19.0264050961,(0.0, 0.0)
19.0365610123,(0.0, 0.0)
19.0467090607,(0.0, 0.0)
19.0568540096,(0.0, 0.0)
19.0670781136,(0.0, 0.0)
19.0773119926,(0.0, 0.0)
19.0875401497,(0.0, 0.0)
19.0977621078,(0.0, 0.0)
19.1079289913,(0.0, 0.0)
19.1181252003,(0.0, 0.0)
19.1283462048,(0.0, 0.0)
19.1384999752,(0.0, 0.0)
19.1486871243,(0.0, 0.0)
19.1589221954,(0.0, 0.0)
19.1690530777,(0.0, 0.0)
19.1792230606,(0.0, 0.0)
19.189412117,(0.0, 0.0)
19.1995940208,(0.0, 0.0)
19.2097330093,(0.0, 0.0)
19.2199020386,(0.0, 0.0)
19.2300519943,(0.0, 0.0)
19.2401762009,(0.0, 0.0)
19.2504429817,(0.0, 0.0)
19.2606840134,(0.0, 0.0)
19.2708990574,(0.0, 0.0)
19.281124115,(0.0, 0.0)
19.2912790775,(0.0, 0.0)
19.3014931679,(0.0, 0.0)
19.3117301464,(0.0, 0.0)
19.3218832016,(0.0, 0.0)
19.3320660591,(0.0, 0.0)
19.3422989845,(0.0, 0.0)
19.3524470329,(0.0, 0.0)
19.3625760078,(0.0, 0.0)
19.3727390766,(0.0, 0.0)
19.3828940392,(0.0, 0.0)
19.3930380344,(0.0, 0.0)
19.4031891823,(0.0, 0.0)
19.4133410454,(0.0, 0.0)
19.4234850407,(0.0, 0.0)
19.4337031841,(0.0, 0.0)
19.443926096,(0.0, 0.0)
19.4541220665,(0.0, 0.0)
19.464343071,(0.0, 0.0)
19.4745080471,(0.0, 0.0)
19.4847362041,(0.0, 0.0)
19.4949650764,(0.0, 0.0)
19.5051159859,(0.0, 0.0)
19.5153100491,(0.0, 0.0)
19.5255169868,(0.0, 0.0)
19.5356650352,(0.0, 0.0)
19.5458521843,(0.0, 0.0)
19.5560240746,(0.0, 0.0)
19.5662391186,(0.0, 0.0)
19.5763981342,(0.0, 0.0)
19.5865550041,(0.0, 0.0)
19.5967071056,(0.0, 0.0)
19.6068542004,(0.0, 0.0)
19.6171061993,(0.0, 0.0)
19.627338171,(0.0, 0.0)
19.6375381947,(0.0, 0.0)
19.6477520466,(0.0, 0.0)
19.6579041481,(0.0, 0.0)
19.6681170464,(0.0, 0.0)
19.6783471107,(0.0, 0.0)
19.6885001659,(0.0, 0.0)
19.6987051964,(0.0, 0.0)
19.7089350224,(0.0, 0.0)
19.7190811634,(0.0, 0.0)
19.7292330265,(0.0, 0.0)
19.7393920422,(0.0, 0.0)
19.7495419979,(0.0, 0.0)
19.7596821785,(0.0, 0.0)
19.7698290348,(0.0, 0.0)
19.7799470425,(0.0, 0.0)
19.7902050018,(0.0, 0.0)
19.80093503,(0.0, 0.0)
19.8112831116,(0.0, 0.0)
19.8215529919,(0.0, 0.0)
19.8316822052,(0.0, 0.0)
19.8418400288,(0.0, 0.0)
19.8519940376,(0.0, 0.0)
19.8621451855,(0.0, 0.0)
19.8722941875,(0.0, 0.0)
19.8881180286,(0.0, 0.0)
19.898277998,(0.0, 0.0)
19.9084391594,(0.0, 0.0)
19.9185931683,(0.0, 0.0)
19.9320850372,(0.0, 0.0)
19.9422380924,(0.0, 0.0)
19.9525210857,(0.0, 0.0)
19.9628021717,(0.0, 0.0)
19.9729959965,(0.0, 0.0)
19.983164072,(0.0, 0.0)
19.9933931828,(0.0, 0.0)
