94.62890625
94.62890625
94.62890625
94.62890625
94.62890625
94.62890625
94.62890625
94.62890625
94.62890625
94.62890625
94.62890625
94.62890625
94.62890625
94.62890625
94.62890625
94.62890625
94.62890625
94.62890625
94.62890625
94.62890625
94.62890625
94.62890625
94.62890625
94.62890625
94.62890625
94.62890625
94.62890625
94.62890625
94.62890625
94.62890625
94.62890625
94.62890625
94.62890625
94.62890625
94.62890625
94.62890625
94.62890625
94.62890625
94.62890625
94.62890625
94.62890625
94.62890625
94.62890625
94.62890625
150
150
150
150
150
150
150
150
150
150
150
150
150
150
150
150
150
150
150
150
150
150
150
150
150
150
150
150
150
150
150
150
150
150
150
150
150
150
150
150
150
150
150
150
150
150
150
150
150
150
150
150
150
150
150
150
150
150
150
150
150
150
150
150
150
150
150
150
