289.453125
288.8671875
288.57421875
288.8671875
289.453125
290.0390625
290.625
290.0390625
289.16015625
288.8671875
288.57421875
289.16015625
290.0390625
290.625
290.625
289.453125
288.8671875
288.8671875
288.8671875
289.453125
290.33203125
290.625
289.453125
288.8671875
288.57421875
288.8671875
290.0390625
290.625
290.625
290.33203125
289.453125
289.16015625
288.57421875
288.8671875
290.0390625
290.33203125
290.625
290.625
289.453125
288.8671875
288.57421875
288.8671875
289.453125
290.33203125
290.625
290.33203125
276.85546875
261.03515625
244.3359375
227.9296875
212.109375
198.92578125
198.6328125
198.6328125
199.8046875
200.390625
200.68359375
200.68359375
199.8046875
198.92578125
198.6328125
198.6328125
200.09765625
200.390625
200.68359375
200.390625
199.21875
198.6328125
198.6328125
198.92578125
200.09765625
200.390625
200.68359375
200.390625
199.21875
198.6328125
198.6328125
198.92578125
200.390625
200.390625
200.68359375
200.390625
199.8046875
198.6328125
198.92578125
200.09765625
200.390625