27.685546875
27.685546875
27.685546875
27.685546875
27.685546875
27.685546875
27.685546875
27.685546875
27.685546875
27.685546875
27.685546875
27.685546875
27.685546875
27.685546875
27.685546875
27.685546875
27.685546875
27.685546875
27.685546875
27.685546875
27.685546875
27.685546875
27.685546875
27.685546875
27.685546875
27.685546875
27.685546875
27.685546875
27.685546875
27.685546875
27.685546875
27.685546875
27.685546875
27.685546875
27.685546875
27.685546875
27.685546875
27.685546875
27.685546875
27.685546875
27.685546875
27.685546875
27.685546875
27.685546875
27.685546875
29.00390625
34.423828125
41.89453125
52.1484375
64.599609375
75.29296875
77.783203125
79.98046875
79.98046875
80.126953125
80.126953125
80.126953125
80.126953125
80.419921875
80.126953125
80.126953125
80.126953125
80.126953125
80.126953125
80.126953125
80.126953125
80.126953125
80.126953125
80.126953125
80.126953125
80.126953125
80.126953125
80.126953125
80.126953125
80.126953125
80.126953125
80.126953125
80.126953125
80.126953125
80.126953125
80.126953125
80.126953125
80.126953125
80.126953125
80.2734375
80.126953125
80.126953125
