27.685546875
27.685546875
27.685546875
27.685546875
27.685546875
27.685546875
27.685546875
27.685546875
27.685546875
27.685546875
27.685546875
27.685546875
27.685546875
27.685546875
27.685546875
27.685546875
27.685546875
27.685546875
27.685546875
27.685546875
27.685546875
27.685546875
27.685546875
27.685546875
27.685546875
27.685546875
27.685546875
27.685546875
27.685546875
27.685546875
27.685546875
27.685546875
27.685546875
27.685546875
27.685546875
27.685546875
27.685546875
27.685546875
27.685546875
27.685546875
27.685546875
27.685546875
27.685546875
27.685546875
100
100
100
100
100
100
100
100
100
100
100
100
100
100
100
100
100
100
100
100
100
100
100
100
100
100
100
100
100
100
100
100
100
100
100
100
100
100
100
100
100
100
100
