34.5703125
34.423828125
34.423828125
34.5703125
34.5703125
34.5703125
34.423828125
34.423828125
34.5703125
34.423828125
34.5703125
34.5703125
34.423828125
34.5703125
34.423828125
34.423828125
34.5703125
34.5703125
34.5703125
34.5703125
34.423828125
34.5703125
34.5703125
34.5703125
34.5703125
34.5703125
34.5703125
34.5703125
34.5703125
34.5703125
34.5703125
34.423828125
34.5703125
34.5703125
34.423828125
34.5703125
34.5703125
34.5703125
34.5703125
34.423828125
34.5703125
34.5703125
34.423828125
34.5703125
34.5703125
37.20703125
47.314453125
58.59375
71.044921875
84.521484375
98.876953125
99.609375
99.609375
99.609375
99.609375
99.609375
99.609375
99.609375
99.609375
99.609375
99.609375
99.609375
99.609375
99.609375
99.609375
99.609375
99.609375
99.609375
99.609375
99.609375
99.609375
99.609375
99.609375
99.609375
99.609375
99.609375
99.609375
99.609375
99.609375
99.609375
99.609375
99.31640625
99.609375
99.609375
99.609375
99.609375
99.609375