5.96046447754e-06,287.98828125
0.0101420879364,287.98828125
0.0202670097351,287.98828125
0.0304229259491,287.98828125
0.0405530929565,287.98828125
0.0506680011749,287.98828125
0.0607800483704,287.98828125
0.0708849430084,287.98828125
0.0810179710388,287.98828125
0.0911509990692,287.98828125
0.101294994354,287.98828125
0.11141204834,287.98828125
0.121514081955,287.98828125
0.131679058075,287.98828125
0.141788959503,287.98828125
0.151906967163,287.6953125
0.16200709343,287.6953125
0.172126054764,287.6953125
0.182229995728,287.6953125
0.19237112999,287.6953125
0.20249915123,287.6953125
0.212610960007,287.6953125
0.222722053528,287.6953125
0.232824087143,287.6953125
0.242936134338,287.6953125
0.253045082092,287.6953125
0.263155937195,287.6953125
0.273265123367,287.6953125
0.28339600563,287.6953125
0.293508052826,287.6953125
0.303620100021,287.6953125
0.313719034195,287.6953125
0.323840141296,287.6953125
0.333961963654,287.6953125
0.344077110291,287.6953125
0.354187011719,287.6953125
0.364297151566,287.6953125
0.374398946762,273.33984375
0.384516954422,273.33984375
0.394613027573,273.33984375
0.404735088348,273.33984375
0.414849042892,273.33984375
0.424972057343,273.33984375
0.435081005096,273.33984375
0.44518995285,273.33984375
0.455296993256,273.33984375
0.465409040451,273.33984375
0.475518941879,273.33984375
0.485643148422,273.33984375
0.49582195282,273.33984375
0.505965948105,273.33984375
0.516078948975,273.33984375
0.52619099617,273.33984375
0.53630399704,273.33984375
0.546415090561,273.33984375
0.556524038315,273.33984375
0.566656112671,273.33984375
0.576785087585,273.33984375
0.586915969849,273.33984375
0.5971159935,273.33984375
0.607260942459,256.0546875
0.617372989655,256.0546875
0.627481937408,256.0546875
0.637596130371,256.0546875
0.647707939148,256.0546875
0.65781712532,256.0546875
0.6679251194,256.0546875
0.678023099899,256.0546875
0.688133001328,256.0546875
0.698255062103,256.0546875
0.708366155624,256.0546875
0.718492984772,256.0546875
0.728600025177,256.0546875
0.738713979721,256.0546875
0.748819112778,256.0546875
0.758927106857,256.0546875
0.769036054611,256.0546875
0.779145002365,256.0546875
0.789252996445,256.0546875
0.799363136292,256.0546875
0.809494018555,256.0546875
0.819586038589,256.0546875
0.829676151276,239.6484375
0.8398001194,239.6484375
0.849916934967,239.6484375
0.860029935837,239.6484375
0.870136976242,239.6484375
0.880245923996,239.6484375
0.890378952026,239.6484375
0.900495052338,239.6484375
0.910606145859,239.6484375
0.920716047287,239.6484375
0.930825948715,239.6484375
0.940927028656,239.6484375
0.951034069061,239.6484375
0.961142063141,239.6484375
0.971275091171,239.6484375
0.981374025345,239.6484375
0.991488933563,239.6484375
1.00159692764,239.6484375
1.01170396805,239.6484375
1.0218360424,239.6484375
1.03280496597,239.6484375
1.04294395447,239.6484375
1.05305504799,223.2421875
1.06320714951,223.2421875
1.07334208488,223.2421875
1.08345508575,223.2421875
1.09359502792,223.2421875
1.10370492935,223.2421875
1.1138010025,223.2421875
1.12388801575,223.2421875
1.13399195671,223.2421875
1.14409995079,223.2421875
1.1542289257,223.2421875
1.16435909271,223.2421875
1.17447113991,223.2421875
1.18459010124,223.2421875
1.19468307495,223.2421875
1.20485591888,223.2421875
1.21498608589,223.2421875
1.2250931263,223.2421875
1.23520207405,223.2421875
1.24531412125,223.2421875
1.25677394867,223.2421875
1.26688814163,223.2421875
1.2770049572,206.8359375
1.28711104393,206.8359375
1.29729700089,206.8359375
1.30744600296,206.8359375
1.31753802299,206.8359375
1.32765007019,206.8359375
1.33776211739,206.8359375
1.347864151,206.8359375
1.3579750061,206.8359375
1.36810994148,206.8359375
1.37822198868,206.8359375
1.38832998276,206.8359375
1.39843797684,206.8359375
1.40854811668,206.8359375
1.41865992546,206.8359375
1.42876410484,206.8359375
1.43888092041,206.8359375
1.44895601273,206.8359375
1.45906496048,206.8359375
1.46917414665,206.8359375
1.48102712631,206.8359375
1.49115896225,206.8359375
1.50127196312,213.28125
1.51138496399,213.28125
1.52150607109,213.28125
1.53167414665,213.28125
1.54179310799,213.28125
1.55190205574,213.28125
1.56204199791,213.28125
1.57214903831,213.28125
1.58222913742,213.28125
1.59232497215,213.28125
1.6024389267,213.28125
1.61254692078,213.28125
1.62265515327,213.28125
1.63273000717,213.28125
1.64283895493,213.28125
1.6529481411,213.28125
1.66305613518,213.28125
1.6731300354,213.28125
1.68323898315,213.28125
1.69334793091,213.28125
1.70476508141,213.28125
1.71488714218,213.28125
1.72500896454,229.6875
1.73511815071,229.6875
1.74521899223,229.6875
1.7553319931,229.6875
1.76543998718,229.6875
1.77554297447,229.6875
1.78565692902,229.6875
1.79579997063,229.6875
1.80591607094,229.6875
1.81602907181,229.6875
1.82613992691,229.6875
1.83625292778,229.6875
1.8463640213,229.6875
1.85647392273,229.6875
1.86658096313,229.6875
1.876693964,229.6875
1.88680505753,229.6875
1.89701008797,229.6875
1.90720105171,229.6875
1.9173719883,229.6875
1.92876195908,229.6875
1.93888497353,229.6875
1.94900202751,246.97265625
1.95910406113,246.97265625
1.96921300888,246.97265625
1.97932600975,246.97265625
1.98942708969,246.97265625
1.99953508377,246.97265625
2.00964307785,246.97265625
2.01975107193,246.97265625
2.02986001968,246.97265625
2.03996801376,246.97265625
2.05008006096,246.97265625
2.06018805504,246.97265625
2.07029104233,246.97265625
2.08039903641,246.97265625
2.09050798416,246.97265625
2.10061693192,246.97265625
2.11072492599,246.97265625
2.12083792686,246.97265625
2.13094806671,246.97265625
2.14105701447,246.97265625
2.15278410912,246.97265625
2.16293907166,246.97265625
2.17306804657,247.265625
2.18318605423,247.265625
2.19329595566,247.265625
2.20341014862,247.265625
2.21351408958,247.265625
2.22362303734,247.265625
2.23373103142,247.265625
2.24383997917,247.265625
2.25395011902,247.265625
2.2640581131,247.265625
2.27415895462,247.265625
2.28426814079,247.265625
2.29437494278,247.265625
2.30448293686,247.265625
2.31458902359,247.265625
2.32466506958,247.265625
2.33480000496,247.265625
2.34493112564,247.265625
2.35507392883,247.265625
2.36519098282,247.265625
2.37674307823,247.265625
2.38685798645,247.265625
2.39698004723,229.6875
2.40709495544,229.6875
2.4172141552,229.6875
2.42732405663,229.6875
2.43743014336,229.6875
2.44754195213,229.6875
2.45765209198,229.6875
2.46776199341,229.6875
2.47787094116,229.6875
2.48798012733,229.6875
2.49817109108,229.6875
2.50831198692,229.6875
2.51842498779,229.6875
2.52852392197,229.6875
2.53863501549,229.6875
2.54874205589,229.6875
2.5588619709,229.6875
2.56892108917,229.6875
2.57903313637,229.6875
2.58914113045,229.6875
2.60102415085,229.6875
2.61110711098,229.6875
2.62122392654,212.6953125
2.63139796257,212.6953125
2.64153909683,212.6953125
2.65164709091,212.6953125
2.66175603867,212.6953125
2.67186307907,212.6953125
2.68197703362,212.6953125
2.69224309921,212.6953125
2.70241999626,212.6953125
2.71251702309,212.6953125
2.72261214256,212.6953125
2.73289394379,212.6953125
2.74472594261,212.6953125
2.75483703613,212.6953125
2.76511001587,212.6953125
2.77532410622,212.6953125
2.7854449749,212.6953125
2.79555511475,212.6953125
2.80567193031,212.6953125
2.81576609612,212.6953125
2.82599115372,212.6953125
2.83615398407,212.6953125
2.84639501572,215.0390625
2.85657095909,215.0390625
2.86669993401,215.0390625
2.87681007385,215.0390625
2.88876795769,215.0390625
2.89889907837,215.0390625
2.90916705132,215.0390625
2.92075014114,215.0390625
2.93098592758,215.0390625
2.94114995003,215.0390625
2.95273399353,215.0390625
2.96298193932,215.0390625
2.97315311432,215.0390625
2.98326897621,215.0390625
2.99337911606,215.0390625
3.00349807739,215.0390625
3.01365709305,215.0390625
3.02381706238,215.0390625
3.03393793106,215.0390625
3.04404902458,215.0390625
3.0541639328,215.0390625
3.06436514854,231.73828125
3.07452106476,231.73828125
3.08463406563,231.73828125
3.09474492073,231.73828125
3.10486793518,231.73828125
3.11506009102,231.73828125
3.12523913383,231.73828125
3.13536500931,231.73828125
3.14546608925,231.73828125
3.15560507774,231.73828125
3.16572904587,231.73828125
3.17589306831,231.73828125
3.18605208397,231.73828125
3.1963019371,231.73828125
3.20650315285,231.73828125
3.21661305428,231.73828125
3.22675800323,231.73828125
3.23684000969,231.73828125
3.24703502655,231.73828125
3.25717806816,231.73828125
3.26728701591,231.73828125
3.27742004395,231.73828125
3.28753209114,242.28515625
3.29764413834,242.28515625
3.30775713921,242.28515625
3.31786108017,242.28515625
3.3279709816,242.28515625
3.33807897568,242.28515625
3.34818601608,242.28515625
3.35829401016,242.28515625
3.36840200424,242.28515625
3.37850999832,242.28515625
3.38861894608,242.28515625
3.39872694016,242.28515625
3.40883493423,242.28515625
3.41894292831,242.28515625
3.42903900146,242.28515625
3.43914794922,242.28515625
3.4492559433,242.28515625
3.45936393738,242.28515625
3.46947193146,242.28515625
3.47958111763,242.28515625
3.48968911171,242.28515625
3.49978399277,242.28515625
3.50988793373,242.28515625
3.51998496056,242.28515625
3.53016209602,242.28515625
3.54031014442,242.28515625
3.5504219532,242.28515625
3.56053113937,242.28515625
3.57064008713,242.28515625
3.58073592186,242.28515625
3.59084606171,242.28515625
3.6009619236,242.28515625
3.6110830307,242.28515625
3.6211950779,242.28515625
3.63136792183,242.28515625
3.64150714874,242.28515625
3.65162014961,242.28515625
3.6617231369,242.28515625
3.671833992,242.28515625
3.68192005157,242.28515625
3.6920311451,242.28515625
3.70214509964,242.28515625
3.71225309372,242.28515625
3.72234892845,242.28515625
3.73242807388,229.39453125
3.74258708954,229.39453125
3.75271606445,229.39453125
3.7629070282,229.39453125
3.77305006981,229.39453125
3.78315997124,229.39453125
3.79327011108,229.39453125
3.80337905884,229.39453125
3.81348204613,229.39453125
3.823595047,229.39453125
3.83371210098,229.39453125
3.84382200241,229.39453125
3.85393214226,229.39453125
3.86404109001,229.39453125
3.87415003777,229.39453125
3.88425898552,229.39453125
3.89436912537,229.39453125
3.90447807312,229.39453125
3.91458797455,229.39453125
3.92470002174,229.39453125
3.9348180294,229.39453125
3.94874095917,229.39453125
3.9588561058,212.6953125
3.96897411346,212.6953125
3.97908711433,212.6953125
3.98922896385,212.6953125
3.99933695793,212.6953125
4.00944709778,212.6953125
4.0195479393,212.6953125
4.02965593338,212.6953125
4.03976392746,212.6953125
4.04987406731,212.6953125
4.05998396873,212.6953125
4.07010102272,212.6953125
4.08021211624,212.6953125
4.09032392502,212.6953125
4.10040211678,212.6953125
4.11051392555,212.6953125
4.12063312531,212.6953125
4.13075613976,212.6953125
4.14086413383,212.6953125
4.15099811554,212.6953125
4.16110992432,212.6953125
4.17274713516,212.6953125
4.18286013603,220.8984375
4.19297099113,220.8984375
4.20308995247,220.8984375
4.21319913864,220.8984375
4.22330713272,220.8984375
4.23341703415,220.8984375
4.2435259819,220.8984375
4.25363397598,220.8984375
4.26380395889,220.8984375
4.27395415306,220.8984375
4.28406310081,220.8984375
4.29417610168,220.8984375
4.30429196358,220.8984375
4.31439900398,220.8984375
4.3245010376,220.8984375
4.33459806442,220.8984375
4.34469914436,220.8984375
4.35482001305,220.8984375
4.36501002312,220.8984375
4.3751411438,220.8984375
4.38525295258,220.8984375
4.39534902573,220.8984375
4.40545606613,237.01171875
4.41559100151,237.01171875
4.42585396767,237.01171875
4.43617796898,237.01171875
4.44636297226,237.01171875
4.45652198792,237.01171875
4.46663403511,237.01171875
4.47671914101,237.01171875
4.48683595657,237.01171875
4.49706101418,237.01171875
4.50721096992,237.01171875
4.51731514931,237.01171875
4.5274310112,237.01171875
4.53754711151,237.01171875
4.54777598381,237.01171875
4.55795192719,237.01171875
4.56805515289,237.01171875
4.57818293571,237.01171875
4.58829808235,237.01171875
4.59848499298,237.01171875
4.60860395432,237.01171875
4.61873006821,237.01171875
4.62882804871,254.00390625
4.63893008232,254.00390625
4.64902806282,254.00390625
4.65920710564,254.00390625
4.66937303543,254.00390625
4.6795361042,254.00390625
4.68968296051,254.00390625
4.69979810715,254.00390625
4.70991611481,254.00390625
4.72003912926,254.00390625
4.73022294044,254.00390625
4.74036693573,254.00390625
4.75048708916,254.00390625
4.76060295105,254.00390625
4.77072811127,254.00390625
4.78095793724,254.00390625
4.79113101959,254.00390625
4.80128192902,254.00390625
4.81139612198,254.00390625
4.82151198387,254.00390625
4.83169913292,254.00390625
4.84184002876,254.00390625
4.85209703445,251.66015625
4.86219596863,251.66015625
4.8723180294,251.66015625
4.88242292404,251.66015625
4.89256906509,251.66015625
4.90275406837,251.66015625
4.91294503212,251.66015625
4.92310500145,251.66015625
4.93321013451,251.66015625
4.94330000877,251.66015625
4.95341300964,251.66015625
4.9635219574,251.66015625
4.97363209724,251.66015625
4.98373794556,251.66015625
4.9938480854,251.66015625
5.00396299362,251.66015625
5.01407408714,251.66015625
5.0241830349,251.66015625
5.03429102898,251.66015625
5.04439711571,251.66015625
5.05450797081,251.66015625
5.06461691856,251.66015625
5.07472610474,251.66015625
5.08483600616,234.375
5.09493708611,234.375
5.10505700111,234.375
5.11516714096,234.375
5.12528014183,234.375
5.13539099693,234.375
5.14550113678,234.375
5.1555891037,234.375
5.16569805145,234.375
5.17581892014,234.375
5.18594694138,234.375
5.19605398178,234.375
5.20616197586,234.375
5.21626996994,234.375
5.22638010979,234.375
5.23648715019,234.375
5.24662613869,234.375
5.25671100616,234.375
5.26682496071,234.375
5.27693915367,234.375
5.28881907463,234.375
5.29891610146,234.375
5.30906605721,217.3828125
5.31920003891,217.3828125
5.32931399345,217.3828125
5.3394241333,217.3828125
5.34953308105,217.3828125
5.35964894295,217.3828125
5.36976504326,217.3828125
5.37984108925,217.3828125
5.38995194435,217.3828125
5.4000620842,217.3828125
5.41017103195,217.3828125
5.42027902603,217.3828125
5.43038797379,217.3828125
5.44049596786,217.3828125
5.45062398911,217.3828125
5.460709095,217.3828125
5.47082304955,217.3828125
5.48093509674,217.3828125
5.49104404449,217.3828125
5.50116109848,217.3828125
5.51126909256,217.3828125
5.52137994766,217.3828125
5.53151202202,220.01953125
5.54162597656,220.01953125
5.55174899101,220.01953125
5.56186413765,220.01953125
5.57196593285,220.01953125
5.58207392693,220.01953125
5.59220695496,220.01953125
5.60233592987,220.01953125
5.6124689579,220.01953125
5.62260198593,220.01953125
5.63264393806,220.01953125
5.64275193214,220.01953125
5.65282607079,220.01953125
5.66293311119,220.01953125
5.67304301262,220.01953125
5.68315315247,220.01953125
5.69326114655,220.01953125
5.7033700943,220.01953125
5.71347212791,220.01953125
5.72358202934,220.01953125
5.73684692383,220.01953125
5.74696111679,220.01953125
5.75707292557,235.83984375
5.76718211174,235.83984375
5.77729797363,235.83984375
5.78740811348,235.83984375
5.79751610756,235.83984375
5.80762410164,235.83984375
5.81773209572,235.83984375
5.82783412933,235.83984375
5.83794212341,235.83984375
5.84805107117,235.83984375
5.85816001892,235.83984375
5.86826896667,235.83984375
5.87837600708,235.83984375
5.88848495483,235.83984375
5.89859509468,235.83984375
5.90872597694,235.83984375
5.91884994507,235.83984375
5.92895698547,235.83984375
5.93908405304,235.83984375
5.94919514656,235.83984375
5.96070313454,235.83984375
5.97081708908,235.83984375
5.98109197617,249.0234375
5.9912610054,249.0234375
6.00148415565,249.0234375
6.01160693169,249.0234375
6.02171492577,249.0234375
6.0319609642,249.0234375
6.04219698906,249.0234375
6.05233192444,249.0234375
6.06243300438,249.0234375
6.07255291939,249.0234375
6.08267498016,249.0234375
6.09283804893,249.0234375
6.10297393799,249.0234375
6.11317396164,249.0234375
6.12332296371,249.0234375
6.13342809677,249.0234375
6.14353299141,249.0234375
6.15365195274,249.0234375
6.16381192207,249.0234375
6.17397999763,249.0234375
6.18408799171,249.0234375
6.19422698021,249.0234375
6.20435094833,249.609375
6.21458601952,249.609375
6.22473597527,249.609375
6.23485708237,249.609375
6.24496102333,249.609375
6.25508093834,249.609375
6.26529502869,249.609375
6.27553701401,249.609375
6.28568601608,249.609375
6.29578304291,249.609375
6.30590891838,249.609375
6.31602811813,249.609375
6.32623910904,249.609375
6.33640313148,249.609375
6.34665298462,249.609375
6.35681295395,249.609375
6.36693096161,249.609375
6.37705206871,249.609375
6.38716006279,249.609375
6.3973710537,249.609375
6.40752792358,249.609375
6.41767501831,249.609375
6.42779898643,237.01171875
6.43791294098,237.01171875
6.44815206528,237.01171875
6.45831799507,237.01171875
6.46842193604,237.01171875
6.4785130024,237.01171875
6.48863601685,237.01171875
6.49877500534,237.01171875
6.50895404816,237.01171875
6.5191090107,237.01171875
6.52921795845,237.01171875
6.53932595253,237.01171875
6.54942202568,237.01171875
6.5595369339,237.01171875
6.56965208054,237.01171875
6.57976412773,237.01171875
6.58986711502,237.01171875
6.5999789238,237.01171875
6.61008810997,237.01171875
6.62019705772,237.01171875
6.6303050518,237.01171875
6.64041399956,237.01171875
6.6505241394,220.3125
6.66066193581,220.3125
6.67078495026,220.3125
6.68089699745,220.3125
6.69097805023,220.3125
6.70113992691,220.3125
6.71124792099,220.3125
6.72135996819,220.3125
6.73146796227,220.3125
6.74157595634,220.3125
6.75168395042,220.3125
6.7617931366,220.3125
6.77190113068,220.3125
6.78201007843,220.3125
6.79211807251,220.3125
6.80222702026,220.3125
6.81233501434,220.3125
6.82244205475,220.3125
6.83255195618,220.3125
6.84265899658,220.3125
6.8527700901,220.3125
6.86289215088,220.3125
6.87300300598,225.29296875
6.88324713707,225.29296875
6.89335894585,225.29296875
6.90347003937,225.29296875
6.91358208656,225.29296875
6.92369198799,225.29296875
6.93380093575,225.29296875
6.94390892982,225.29296875
6.954018116,225.29296875
6.96412611008,225.29296875
6.97423505783,225.29296875
6.98434305191,225.29296875
6.99445104599,225.29296875
7.00455904007,225.29296875
7.01466703415,225.29296875
7.02477693558,225.29296875
7.03488707542,225.29296875
7.04500794411,225.29296875
7.05517601967,225.29296875
7.06534194946,225.29296875
7.07594513893,225.29296875
7.08608102798,225.29296875
7.09620499611,241.69921875
7.10632205009,241.69921875
7.11643409729,241.69921875
7.12654614449,241.69921875
7.13662910461,241.69921875
7.14672398567,241.69921875
7.15682005882,241.69921875
7.16693592072,241.69921875
7.17705392838,241.69921875
7.18715715408,241.69921875
7.19736003876,241.69921875
7.20754599571,241.69921875
7.21766495705,241.69921875
7.22777700424,241.69921875
7.23789095879,241.69921875
7.24799895287,241.69921875
7.25810003281,241.69921875
7.26821208,241.69921875
7.2783241272,241.69921875
7.28844404221,241.69921875
7.29864692688,241.69921875
7.30886006355,241.69921875
7.31898903847,257.2265625
7.32910513878,257.2265625
7.33922600746,257.2265625
7.34933614731,257.2265625
7.35944414139,257.2265625
7.36955308914,257.2265625
7.37965393066,257.2265625
7.38976192474,257.2265625
7.39987611771,257.2265625
7.40998911858,257.2265625
7.42009711266,257.2265625
7.43020606041,257.2265625
7.44031500816,257.2265625
7.45042300224,257.2265625
7.46053314209,257.2265625
7.47064113617,257.2265625
7.48072695732,257.2265625
7.4910929203,257.2265625
7.50118899345,257.2265625
7.5112850666,257.2265625
7.52139806747,257.2265625
7.53150892258,257.2265625
7.54162096977,255.17578125
7.55182695389,255.17578125
7.56197214127,255.17578125
7.57270503044,255.17578125
7.58301591873,255.17578125
7.59319996834,255.17578125
7.60466814041,255.17578125
7.61489200592,255.17578125
7.62505602837,255.17578125
7.63514113426,255.17578125
7.64523100853,255.17578125
7.65534615517,255.17578125
7.66557312012,255.17578125
7.675770998,255.17578125
7.68592000008,255.17578125
7.69611501694,255.17578125
7.70628499985,255.17578125
7.71637701988,255.17578125
7.72646307945,255.17578125
7.73658800125,255.17578125
7.74675297737,255.17578125
7.75694203377,255.17578125
7.76705002785,239.35546875
7.77726006508,239.35546875
7.78742194176,239.35546875
7.79762411118,239.35546875
7.80780410767,239.35546875
7.81792211533,239.35546875
7.82803297043,239.35546875
7.8381550312,239.35546875
7.84836292267,239.35546875
7.85855197906,239.35546875
7.86864113808,239.35546875
7.87875008583,239.35546875
7.88887310028,239.35546875
7.89896893501,239.35546875
7.90912103653,239.35546875
7.91926598549,239.35546875
7.92936611176,239.35546875
7.93951296806,239.35546875
7.94963002205,239.35546875
7.95971894264,239.35546875
7.9698381424,239.35546875
7.98006415367,239.35546875
7.99023199081,222.65625
8.00039100647,222.65625
8.01055502892,222.65625
8.02067303658,222.65625
8.03087210655,222.65625
8.04102396965,222.65625
8.05112695694,222.65625
8.06123614311,222.65625
8.071352005,222.65625
8.08155107498,222.65625
8.09170103073,222.65625
8.10180807114,222.65625
8.11192202568,222.65625
8.1220331192,222.65625
8.13214111328,222.65625
8.14224910736,222.65625
8.15235114098,222.65625
8.16261792183,222.65625
8.172727108,222.65625
8.18283605576,222.65625
8.19294500351,222.65625
8.20305299759,222.65625
8.21315407753,225.5859375
8.22330403328,225.5859375
8.2334690094,225.5859375
8.24358010292,225.5859375
8.253688097,225.5859375
8.26379704475,225.5859375
8.27389097214,225.5859375
8.28399991989,225.5859375
8.29413414001,225.5859375
8.30424308777,225.5859375
8.31434106827,225.5859375
8.32445192337,225.5859375
8.33455896378,225.5859375
8.34467291832,225.5859375
8.35478210449,225.5859375
8.36495399475,225.5859375
8.37511301041,225.5859375
8.38522315025,225.5859375
8.39532709122,225.5859375
8.4054441452,225.5859375
8.41555500031,225.5859375
8.42566204071,225.5859375
8.43576812744,241.69921875
8.44587111473,241.69921875
8.45598506927,241.69921875
8.46609997749,241.69921875
8.47626709938,241.69921875
8.48637795448,241.69921875
8.49648714066,241.69921875
8.50659608841,241.69921875
8.51667404175,241.69921875
8.52678012848,241.69921875
8.5369040966,241.69921875
8.54884600639,241.69921875
8.55901002884,241.69921875
8.56916713715,241.69921875
8.57927393913,241.69921875
8.58938407898,241.69921875
8.59949493408,241.69921875
8.60960412025,241.69921875
8.61972594261,241.69921875
8.62984013557,241.69921875
8.63994812965,241.69921875
8.65005493164,241.69921875
8.66016507149,251.66015625
8.67027807236,251.66015625
8.68047714233,251.66015625
8.69062614441,251.66015625
8.70071291924,251.66015625
8.7108259201,251.66015625
8.72093510628,251.66015625
8.73104715347,251.66015625
8.74115014076,251.66015625
8.75125098228,251.66015625
8.76134896278,251.66015625
8.77145814896,251.66015625
8.781676054,251.66015625
8.79182815552,251.66015625
8.80194115639,251.66015625
8.81205010414,251.66015625
8.8221590519,251.66015625
8.83226513863,251.66015625
8.84236812592,251.66015625
8.85247707367,251.66015625
8.86256194115,251.66015625
8.87269306183,251.66015625
8.88280010223,249.0234375
8.89295291901,249.0234375
8.90308904648,249.0234375
8.91324305534,249.0234375
8.92338204384,249.0234375
8.93349313736,249.0234375
8.94360113144,249.0234375
8.95370912552,249.0234375
8.96380496025,249.0234375
8.97391700745,249.0234375
8.9840259552,249.0234375
8.99434399605,249.0234375
9.00446200371,249.0234375
9.01462292671,249.0234375
9.0247631073,249.0234375
9.03487205505,249.0234375
9.04498195648,249.0234375
9.05508995056,249.0234375
9.06520104408,249.0234375
9.07533407211,249.0234375
9.08544802666,249.0234375
9.09555411339,249.0234375
9.10566902161,249.0234375
9.1157541275,235.25390625
9.12593102455,235.25390625
9.1360809803,235.25390625
9.14626193047,235.25390625
9.15641713142,235.25390625
9.16667103767,235.25390625
9.17683601379,235.25390625
9.18692398071,235.25390625
9.19718909264,235.25390625
9.20738506317,235.25390625
9.21750807762,235.25390625
9.22763395309,235.25390625
9.23775005341,235.25390625
9.24796295166,235.25390625
9.25813508034,235.25390625
9.26822400093,235.25390625
9.27834415436,235.25390625
9.2884581089,235.25390625
9.29857897758,235.25390625
9.3087310791,235.25390625
9.31886100769,235.25390625
9.32897114754,235.25390625
9.33909010887,223.828125
9.34921693802,223.828125
9.35945105553,223.828125
9.36962294579,223.828125
9.37979912758,223.828125
9.38994503021,223.828125
9.40004205704,223.828125
9.41012907028,223.828125
9.42024898529,223.828125
9.43043994904,223.828125
9.44059896469,223.828125
9.4506919384,223.828125
9.46077895164,223.828125
9.47090411186,223.828125
9.48109793663,223.828125
9.49124693871,223.828125
9.50136709213,223.828125
9.51147913933,223.828125
9.5216050148,223.828125
9.53179812431,223.828125
9.54191303253,223.828125
9.55203509331,223.828125
9.56214213371,239.0625
9.57228207588,239.0625
9.58250308037,239.0625
9.5927169323,239.0625
9.60286903381,239.0625
9.61308503151,239.0625
9.62340712547,239.0625
9.63352298737,239.0625
9.64363598824,239.0625
9.65375208855,239.0625
9.66401314735,239.0625
9.67417907715,239.0625
9.68429303169,239.0625
9.69440412521,239.0625
9.70452308655,239.0625
9.71469902992,239.0625
9.72484493256,239.0625
9.73495602608,239.0625
9.74504613876,239.0625
9.75515699387,239.0625
9.76880311966,239.0625
9.77890515327,255.17578125
9.78901815414,255.17578125
9.79913115501,255.17578125
9.80927109718,255.17578125
9.81941103935,255.17578125
9.8295249939,255.17578125
9.83963298798,255.17578125
9.84974193573,255.17578125
9.85984992981,255.17578125
9.86995792389,255.17578125
9.88006806374,255.17578125
9.89016699791,255.17578125
9.90027713776,255.17578125
9.91037511826,255.17578125
9.92049312592,255.17578125
9.93060708046,255.17578125
9.94071602821,255.17578125
9.9507920742,255.17578125
9.96089410782,255.17578125
9.97100305557,255.17578125
9.98115801811,255.17578125
9.99129605293,255.17578125
10.0014071465,255.17578125
10.0114891529,268.65234375
10.0216050148,268.65234375
10.0317189693,268.65234375
10.0418329239,268.65234375
10.0519430637,268.65234375
10.0620520115,268.65234375
10.0721759796,268.65234375
10.0847990513,268.65234375
10.0949070454,268.65234375
10.1050169468,268.65234375
10.1151731014,268.65234375
10.1252760887,268.65234375
10.1353869438,268.65234375
10.1455049515,268.65234375
10.1556150913,268.65234375
10.1657240391,268.65234375
10.1758351326,268.65234375
10.1859500408,268.65234375
10.1960580349,268.65234375
10.2061691284,268.65234375
10.2162799835,268.65234375
10.2263960838,254.296875
10.236508131,254.296875
10.2466671467,254.296875
10.2568130493,254.296875
10.2669250965,254.296875
10.2770371437,254.296875
10.2871539593,254.296875
10.2972640991,254.296875
10.3073790073,254.296875
10.3174901009,254.296875
10.3276000023,254.296875
10.3377110958,254.296875
10.3478190899,254.296875
10.3579280376,254.296875
10.3680341244,254.296875
10.3781409264,254.296875
10.3882489204,254.296875
10.3983581066,254.296875
10.4084639549,254.296875
10.418571949,254.296875
10.4286811352,254.296875
10.4387860298,254.296875
10.4488949776,254.296875
10.4590039253,238.18359375
10.4691159725,238.18359375
10.479211092,238.18359375
10.4893231392,238.18359375
10.4994571209,238.18359375
10.5095889568,238.18359375
10.5197200775,238.18359375
10.5298221111,238.18359375
10.5399301052,238.18359375
10.550039053,238.18359375
10.560147047,238.18359375
10.5702540874,238.18359375
10.5803611279,238.18359375
10.5904700756,238.18359375
10.6005859375,238.18359375
10.6106939316,238.18359375
10.6208031178,238.18359375
10.6309099197,238.18359375
10.6410210133,238.18359375
10.6511290073,238.18359375
10.6647751331,238.18359375
10.6767139435,221.77734375
10.68689394,221.77734375
10.6971309185,221.77734375
10.7072780132,221.77734375
10.7173810005,221.77734375
10.7274911404,221.77734375
10.73756814,221.77734375
10.7477660179,221.77734375
10.7579190731,221.77734375
10.7680370808,221.77734375
10.778149128,221.77734375
10.7887160778,221.77734375
10.7989759445,221.77734375
10.8093130589,221.77734375
10.8207271099,221.77734375
10.8308260441,221.77734375
10.8409421444,221.77734375
10.8510529995,221.77734375
10.8611559868,221.77734375
10.8712749481,221.77734375
10.8815541267,221.77734375
10.8917210102,221.77734375
10.9018340111,206.25
10.9120099545,206.25
10.9221420288,206.25
10.9323661327,206.25
10.9426400661,206.25
10.9528081417,206.25
10.9629659653,206.25
10.9731190205,206.25
10.983232975,206.25
10.9970149994,206.25
11.0071439743,206.25
11.0172560215,206.25
11.0273871422,206.25
11.0375070572,206.25
11.047729969,206.25
11.0579099655,206.25
11.0680279732,206.25
11.0781469345,206.25
11.0882689953,206.25
11.0984799862,206.25
11.1087539196,206.25
11.1188919544,206.25
11.128993988,191.015625
11.139111042,191.015625
11.1492209435,191.015625
11.1593971252,191.015625
11.1695070267,191.015625
11.1797361374,191.015625
11.1898920536,191.015625
11.2000041008,191.015625
11.2101089954,191.015625
11.2201960087,191.015625
11.2303731441,191.015625
11.2404940128,191.015625
11.2527680397,191.015625
11.2629101276,191.015625
11.2730560303,191.015625
11.2831881046,191.015625
11.2932910919,191.015625
11.3034119606,191.015625
11.3137049675,191.015625
11.3238470554,191.015625
11.3367979527,191.015625
11.3487160206,175.1953125
11.3589110374,175.1953125
11.3691000938,175.1953125
11.3791959286,175.1953125
11.3893110752,175.1953125
11.3994231224,175.1953125
11.4095430374,175.1953125
11.4196641445,175.1953125
11.4297790527,175.1953125
11.4398880005,175.1953125
11.4499969482,175.1953125
11.4601049423,175.1953125
11.4702160358,175.1953125
11.4803891182,175.1953125
11.4905581474,175.1953125
11.5006890297,175.1953125
11.5108270645,175.1953125
11.5209970474,175.1953125
11.5311391354,175.1953125
11.5412499905,175.1953125
11.5513589382,175.1953125
11.5614681244,175.1953125
11.5715761185,159.9609375
11.5816850662,159.9609375
11.5917949677,159.9609375
11.6019041538,159.9609375
11.6120100021,159.9609375
11.6221189499,159.9609375
11.6322290897,159.9609375
11.6423380375,159.9609375
11.6524460316,159.9609375
11.6625549793,159.9609375
11.6726651192,159.9609375
11.6827719212,159.9609375
11.6928811073,159.9609375
11.7029900551,159.9609375
11.7130730152,159.9609375
11.7231810093,159.9609375
11.7332890034,159.9609375
11.7434229851,159.9609375
11.7535669804,159.9609375
11.7637090683,159.9609375
11.7738411427,159.9609375
11.7839839458,159.9609375
11.7941050529,158.7890625
11.8043091297,158.7890625
11.814437151,158.7890625
11.8245501518,158.7890625
11.8346581459,158.7890625
11.8447680473,158.7890625
11.8548779488,158.7890625
11.8649880886,158.7890625
11.8750970364,158.7890625
11.8852050304,158.7890625
11.8953130245,158.7890625
11.9054441452,158.7890625
11.9155740738,158.7890625
11.9257049561,158.7890625
11.935833931,158.7890625
11.9459660053,158.7890625
11.9560780525,158.7890625
11.9661791325,158.7890625
11.9762859344,158.7890625
11.9864020348,158.7890625
11.9965090752,158.7890625
12.0066130161,158.7890625
12.0167050362,158.7890625
12.026818037,174.90234375
12.0369329453,174.90234375
12.0471200943,174.90234375
12.0572299957,174.90234375
12.0673379898,174.90234375
12.0774519444,174.90234375
12.0875649452,174.90234375
12.097671032,174.90234375
12.1077809334,174.90234375
12.120691061,174.90234375
12.1308031082,174.90234375
12.1409139633,174.90234375
12.1510260105,174.90234375
12.1611311436,174.90234375
12.1712400913,174.90234375
12.1813490391,174.90234375
12.1914579868,174.90234375
12.2015659809,174.90234375
12.2116560936,174.90234375
12.2217741013,174.90234375
12.2327439785,174.90234375
12.242855072,191.30859375
12.2529680729,191.30859375
12.2631421089,191.30859375
12.2732739449,191.30859375
12.2833809853,191.30859375
12.2934911251,191.30859375
12.3035860062,191.30859375
12.3137590885,191.30859375
12.3238999844,191.30859375
12.3340339661,191.30859375
12.344176054,191.30859375
12.3542821407,191.30859375
12.3643760681,191.30859375
12.3744590282,191.30859375
12.3846280575,191.30859375
12.3947579861,191.30859375
12.4048759937,191.30859375
12.4150910378,191.30859375
12.425246954,191.30859375
12.4353449345,191.30859375
12.4454710484,191.30859375
12.4567170143,191.30859375
12.4668040276,189.2578125
12.4769010544,189.2578125
12.4887671471,189.2578125
12.5009310246,189.2578125
12.5110850334,189.2578125
12.5212249756,189.2578125
12.5314309597,189.2578125
12.5415811539,189.2578125
12.5516989231,189.2578125
12.561797142,189.2578125
12.5719189644,189.2578125
12.5821230412,189.2578125
12.5923199654,189.2578125
12.6024639606,189.2578125
12.6125609875,189.2578125
12.622699976,189.2578125
12.6328229904,189.2578125
12.6429879665,189.2578125
12.6531429291,189.2578125
12.6633689404,189.2578125
12.676803112,189.2578125
12.6869490147,189.2578125
12.6972000599,173.14453125
12.7073659897,173.14453125
12.7174959183,173.14453125
12.7276070118,173.14453125
12.7377021313,173.14453125
12.7478981018,173.14453125
12.7580559254,173.14453125
12.7681760788,173.14453125
12.7782959938,173.14453125
12.7884070873,173.14453125
12.7985999584,173.14453125
12.8087260723,173.14453125
12.8188109398,173.14453125
12.8289110661,173.14453125
12.8390140533,173.14453125
12.8491020203,173.14453125
12.8592419624,173.14453125
12.869385004,173.14453125
12.8796041012,173.14453125
12.8897929192,173.14453125
12.9007589817,173.14453125
12.9108741283,173.14453125
12.9209940434,157.6171875
12.9327261448,157.6171875
12.9428830147,157.6171875
12.9530351162,157.6171875
12.9632210732,157.6171875
12.9733581543,157.6171875
12.9834671021,157.6171875
12.9935729504,157.6171875
13.0036821365,157.6171875
13.0137910843,157.6171875
13.0239019394,157.6171875
13.0340161324,157.6171875
13.0441241264,157.6171875
13.0542349815,157.6171875
13.0643429756,157.6171875
13.0744509697,157.6171875
13.0845601559,157.6171875
13.0946879387,157.6171875
13.1047670841,157.6171875
13.114896059,157.6171875
13.1287310123,157.6171875
13.1388759613,159.08203125
13.1490330696,159.08203125
13.1591279507,159.08203125
13.1692371368,159.08203125
13.179322958,159.08203125
13.1894381046,159.08203125
13.1995480061,159.08203125
13.2096509933,159.08203125
13.21976614,159.08203125
13.2298669815,159.08203125
13.2399759293,159.08203125
13.2500851154,159.08203125
13.2601890564,159.08203125
13.2702951431,159.08203125
13.2804429531,159.08203125
13.2905890942,159.08203125
13.3007071018,159.08203125
13.3108279705,159.08203125
13.3209500313,159.08203125
13.3310630322,159.08203125
13.3411741257,159.08203125
13.3512840271,159.08203125
13.3613929749,175.48828125
13.371505022,175.48828125
13.3816699982,175.48828125
13.3918130398,175.48828125
13.4019229412,175.48828125
13.4120090008,175.48828125
13.4221279621,175.48828125
13.4322271347,175.48828125
13.4423379898,175.48828125
13.4524450302,175.48828125
13.4625530243,175.48828125
13.4726560116,175.48828125
13.482763052,175.48828125
13.4928650856,175.48828125
13.5029740334,175.48828125
13.5130779743,175.48828125
13.5232219696,175.48828125
13.5333509445,175.48828125
13.5434789658,175.48828125
13.553606987,175.48828125
13.5637350082,175.48828125
13.5768480301,175.48828125
13.5869669914,191.89453125
13.5970840454,191.89453125
13.607198,191.89453125
13.6173019409,191.89453125
13.6274089813,191.89453125
13.6375160217,191.89453125
13.6476290226,191.89453125
13.6577379704,191.89453125
13.6678459644,191.89453125
13.6779510975,191.89453125
13.6880640984,191.89453125
13.6981749535,191.89453125
13.7082850933,191.89453125
13.7184050083,191.89453125
13.7285060883,191.89453125
13.7386140823,191.89453125
13.7486889362,191.89453125
13.7587969303,191.89453125
13.7689061165,191.89453125
13.778990984,191.89453125
13.7891471386,191.89453125
13.799298048,191.89453125
13.8094539642,191.6015625
13.8195850849,191.6015625
13.8297579288,191.6015625
13.839908123,191.6015625
13.8500330448,191.6015625
13.8601410389,191.6015625
13.8702509403,191.6015625
13.8804299831,191.6015625
13.8905870914,191.6015625
13.9006929398,191.6015625
13.9108200073,191.6015625
13.920938015,191.6015625
13.9310500622,191.6015625
13.9411590099,191.6015625
13.9512660503,191.6015625
13.9613730907,191.6015625
13.9714810848,191.6015625
13.9815919399,191.6015625
13.9917039871,191.6015625
14.001814127,191.6015625
14.0119240284,191.6015625
14.0247409344,191.6015625
14.0348391533,175.1953125
14.0449430943,175.1953125
14.055052042,175.1953125
14.065210104,175.1953125
14.0753769875,175.1953125
14.0854921341,175.1953125
14.0956039429,175.1953125
14.1057291031,175.1953125
14.1158189774,175.1953125
14.1260409355,175.1953125
14.1361970901,175.1953125
14.146378994,175.1953125
14.156525135,175.1953125
14.1666419506,175.1953125
14.1767270565,175.1953125
14.1868469715,175.1953125
14.196999073,175.1953125
14.2071490288,175.1953125
14.217261076,175.1953125
14.2273769379,175.1953125
14.2374961376,175.1953125
14.2476739883,175.1953125
14.2578229904,159.375
14.2680499554,159.375
14.2782261372,159.375
14.2883460522,159.375
14.2985389233,159.375
14.3087129593,159.375
14.3188369274,159.375
14.3289449215,159.375
14.3390610218,159.375
14.3491611481,159.375
14.3593349457,159.375
14.3694880009,159.375
14.3796319962,159.375
14.3897800446,159.375
14.4000370502,159.375
14.4101200104,159.375
14.4202370644,159.375
14.4304530621,159.375
14.4406261444,159.375
14.4507229328,159.375
14.4608421326,159.375
14.4727499485,159.375
14.4828360081,159.375
14.492978096,159.375
14.503246069,159.375
14.5134110451,159.375
14.5235710144,159.375
14.5336930752,159.375
14.5440061092,159.375
14.554131031,159.375
14.5643029213,159.375
14.5744509697,159.375
14.5845589638,159.375
14.5946850777,159.375
14.6047599316,159.375
14.6149260998,159.375
14.6250729561,159.375
14.6351830959,159.375
14.645277977,159.375
14.6553869247,159.375
14.6654770374,159.375
14.6755719185,159.375
14.6856601238,159.375
14.6957521439,159.375
14.7058310509,175.78125
14.7160220146,175.78125
14.7262201309,175.78125
14.7363519669,175.78125
14.7464621067,175.78125
14.7565710545,175.78125
14.7666800022,175.78125
14.7767980099,175.78125
14.7869160175,175.78125
14.7970280647,175.78125
14.8071360588,175.78125
14.817232132,175.78125
14.8273179531,175.78125
14.8374249935,175.78125
14.8475780487,175.78125
14.85769701,175.78125
14.8677721024,175.78125
14.8778841496,175.78125
14.8880000114,175.78125
14.898111105,175.78125
14.9082200527,175.78125
14.9183559418,175.78125
14.9284551144,192.48046875
14.9385421276,192.48046875
14.9487171173,192.48046875
14.9588279724,192.48046875
14.9689340591,192.48046875
14.9790370464,192.48046875
14.9891650677,192.48046875
14.9992759228,192.48046875
15.0093901157,192.48046875
15.0195100307,192.48046875
15.0296230316,192.48046875
15.0397930145,192.48046875
15.0499019623,192.48046875
15.0600111485,192.48046875
15.0701179504,192.48046875
15.0803029537,192.48046875
15.0904510021,192.48046875
15.100561142,192.48046875
15.1106729507,192.48046875
15.1207890511,192.48046875
15.1309010983,192.48046875
15.1410090923,192.48046875
15.1511170864,192.48046875
15.1612260342,191.6015625
15.171339035,191.6015625
15.1814889908,191.6015625
15.1916019917,191.6015625
15.2017109394,191.6015625
15.2118201256,191.6015625
15.2219290733,191.6015625
15.2320361137,191.6015625
15.2421431541,191.6015625
15.2522499561,191.6015625
15.2623579502,191.6015625
15.2724900246,191.6015625
15.2826199532,191.6015625
15.2926950455,191.6015625
15.3028249741,191.6015625
15.3129339218,191.6015625
15.3230421543,191.6015625
15.3331439495,191.6015625
15.3432459831,191.6015625
15.3533990383,191.6015625
15.3635251522,191.6015625
15.3736441135,191.6015625
15.3837599754,175.48828125
15.3938751221,175.48828125
15.4039940834,175.48828125
15.4141080379,175.48828125
15.4242200851,175.48828125
15.4343309402,175.48828125
15.4444420338,175.48828125
15.4545509815,175.48828125
15.4646599293,175.48828125
15.4747691154,175.48828125
15.4848511219,175.48828125
15.4949610233,175.48828125
15.5050640106,175.48828125
15.5151720047,175.48828125
15.5252809525,175.48828125
15.5355479717,175.48828125
15.5456569195,175.48828125
15.555765152,175.48828125
15.5658740997,175.48828125
15.5759871006,175.48828125
15.5888080597,175.48828125
15.5989279747,175.48828125
15.609046936,159.08203125
15.6191620827,159.08203125
15.6292560101,159.08203125
15.6393740177,159.08203125
15.6495821476,159.08203125
15.6599121094,159.08203125
15.6700251102,159.08203125
15.6802821159,159.08203125
15.6904580593,159.08203125
15.7005670071,159.08203125
15.7107160091,159.08203125
15.7208430767,159.08203125
15.7311561108,159.08203125
15.7413561344,159.08203125
15.7514741421,159.08203125
15.761590004,159.08203125
15.7717149258,159.08203125
15.7819941044,159.08203125
15.7921390533,159.08203125
15.8022639751,159.08203125
15.8126950264,159.08203125
15.8228240013,159.08203125
15.8329291344,160.25390625
15.8431141376,160.25390625
15.8532829285,160.25390625
15.8635129929,160.25390625
15.8736670017,160.25390625
15.8837790489,160.25390625
15.8938951492,160.25390625
15.9040031433,160.25390625
15.9142329693,160.25390625
15.9243979454,160.25390625
15.9345180988,160.25390625
15.944617033,160.25390625
15.9547331333,160.25390625
15.964951992,160.25390625
15.9751019478,160.25390625
15.9852180481,160.25390625
15.9953200817,160.25390625
16.0054349899,160.25390625
16.0157189369,160.25390625
16.0259330273,160.25390625
16.0366880894,160.25390625
16.0469009876,160.25390625
16.0570559502,176.07421875
16.0671679974,176.07421875
16.0772850513,176.07421875
16.08740592,176.07421875
16.0975880623,176.07421875
16.107738018,176.07421875
16.1178610325,176.07421875
16.128000021,176.07421875
16.1381289959,176.07421875
16.1483540535,176.07421875
16.1585099697,176.07421875
16.1686389446,176.07421875
16.1787319183,176.07421875
16.1888589859,176.07421875
16.1989729404,176.07421875
16.2091469765,176.07421875
16.2192821503,176.07421875
16.2293901443,176.07421875
16.2394919395,176.07421875
16.2495989799,176.07421875
16.2607989311,176.07421875
16.2708780766,176.07421875
16.2810690403,192.7734375
16.2912220955,192.7734375
16.3013379574,192.7734375
16.3114550114,192.7734375
16.3215689659,192.7734375
16.3316819668,192.7734375
16.3417899609,192.7734375
16.3518919945,192.7734375
16.3620009422,192.7734375
16.3721101284,192.7734375
16.3822181225,192.7734375
16.3923280239,192.7734375
16.4024369717,192.7734375
16.4125459194,192.7734375
16.4226551056,192.7734375
16.4327640533,192.7734375
16.4428651333,192.7734375
16.4529759884,192.7734375
16.4648001194,192.7734375
16.4749090672,192.7734375
16.485022068,192.7734375
16.495262146,192.7734375
16.5053710938,192.7734375
16.5154809952,192.7734375
16.5255720615,192.7734375
16.5356841087,192.7734375
16.5457930565,192.7734375
16.5559010506,192.7734375
16.5660331249,192.7734375
16.5761420727,192.7734375
16.5862510204,192.7734375
16.5963609219,192.7734375
16.606470108,192.7734375
16.616546154,192.7734375
16.6266570091,192.7734375
16.6367750168,192.7734375
16.6468861103,192.7734375
16.6570179462,192.7734375
16.6671271324,192.7734375
16.6772360802,192.7734375
16.6873431206,192.7734375
16.6974511147,192.7734375
16.7075531483,192.7734375
16.7176611423,192.7734375
16.7277691364,176.66015625
16.7378821373,176.66015625
16.7480521202,176.66015625
16.7581930161,176.66015625
16.7683010101,176.66015625
16.7784171104,176.66015625
16.788531065,176.66015625
16.7986459732,176.66015625
16.8087229729,176.66015625
16.8188369274,176.66015625
16.8289489746,176.66015625
16.8390591145,176.66015625
16.8491389751,176.66015625
16.8592641354,176.66015625
16.8693840504,176.66015625
16.8794960976,176.66015625
16.8896329403,176.66015625
16.8997440338,176.66015625
16.9098520279,176.66015625
16.9199800491,176.66015625
16.9327750206,176.66015625
16.9447851181,161.71875
16.9549601078,161.71875
16.9651670456,161.71875
16.9752810001,161.71875
16.9853899479,161.71875
16.9954991341,161.71875
17.0056071281,161.71875
17.0157051086,161.71875
17.0258591175,161.71875
17.0360000134,161.71875
17.0461101532,161.71875
17.0562181473,161.71875
17.0663261414,161.71875
17.0764360428,161.71875
17.0865430832,161.71875
17.0966520309,161.71875
17.1067531109,161.71875
17.1168320179,161.71875
17.1269330978,161.71875
17.1370511055,161.71875
17.1471631527,161.71875
17.1572721004,161.71875
17.1673791409,162.3046875
17.1774771214,162.3046875
17.1875910759,162.3046875
17.1977040768,162.3046875
17.2078130245,162.3046875
17.2179219723,162.3046875
17.2280211449,162.3046875
17.2381329536,162.3046875
17.2482979298,162.3046875
17.2584381104,162.3046875
17.2685511112,162.3046875
17.2810330391,162.3046875
17.2911901474,162.3046875
17.301295042,162.3046875
17.3127510548,162.3046875
17.3228580952,162.3046875
17.3330669403,162.3046875
17.3432271481,162.3046875
17.3533499241,162.3046875
17.3635709286,162.3046875
17.3737421036,162.3046875
17.3838660717,162.3046875
17.3939819336,177.24609375
17.4041631222,177.24609375
17.4144170284,177.24609375
17.4245960712,177.24609375
17.434720993,177.24609375
17.4448390007,177.24609375
17.4549500942,177.24609375
17.4651889801,177.24609375
17.4753520489,177.24609375
17.4854691029,177.24609375
17.4955611229,177.24609375
17.5056769848,177.24609375
17.5159339905,177.24609375
17.5262160301,177.24609375
17.5363659859,177.24609375
17.5466489792,177.24609375
17.5568180084,177.24609375
17.5669000149,177.24609375
17.5770051479,177.24609375
17.5871210098,177.24609375
17.5973570347,177.24609375
17.6075389385,177.24609375
17.6176481247,193.359375
17.6278970242,193.359375
17.6380400658,193.359375
17.6482141018,193.359375
17.6583521366,193.359375
17.6684360504,193.359375
17.6786100864,193.359375
17.688696146,193.359375
17.6988761425,193.359375
17.7090051174,193.359375
17.719162941,193.359375
17.7292749882,193.359375
17.7393980026,193.359375
17.7494990826,193.359375
17.7596600056,193.359375
17.7698090076,193.359375
17.7800369263,193.359375
17.7902059555,193.359375
17.8003251553,193.359375
17.8104429245,193.359375
17.8205571175,193.359375
17.8306701183,193.359375
17.8407800198,193.359375
17.8509430885,193.359375
17.8610799313,193.359375
17.8711669445,193.359375
17.8812789917,193.359375
17.8913891315,193.359375
17.9014980793,193.359375
17.9115960598,193.359375
17.9216840267,193.359375
17.9317679405,193.359375
17.9418590069,193.359375
17.9519529343,193.359375
17.9620389938,193.359375
17.9721260071,193.359375
17.9822080135,193.359375
17.9923229218,193.359375
18.0024299622,193.359375
18.0125319958,193.359375
18.0226449966,193.359375
18.0327291489,193.359375
18.0428869724,193.359375
18.0530200005,193.359375
18.0631840229,177.24609375
18.0733220577,177.24609375
18.0834341049,177.24609375
18.0935349464,177.24609375
18.1036729813,177.24609375
18.1137740612,177.24609375
18.1239080429,177.24609375
18.1340401173,177.24609375
18.1441559792,177.24609375
18.1542739868,177.24609375
18.1644330025,177.24609375
18.17456007,177.24609375
18.1846690178,177.24609375
18.1947779655,177.24609375
18.2048871517,177.24609375
18.2149970531,177.24609375
18.2251060009,177.24609375
18.2352199554,177.24609375
18.2453219891,177.24609375
18.2554321289,177.24609375
18.265540123,177.24609375
18.2756330967,177.24609375
18.2857420444,177.24609375
18.2958381176,162.59765625
18.3059689999,162.59765625
18.3160910606,162.59765625
18.3262369633,162.59765625
18.3363749981,162.59765625
18.3464839458,162.59765625
18.3566081524,162.59765625
18.3667070866,162.59765625
18.3768150806,162.59765625
18.3869240284,162.59765625
18.3970959187,162.59765625
18.4072370529,162.59765625
18.4173491001,162.59765625
18.4274611473,162.59765625
18.4375679493,162.59765625
18.4476759434,162.59765625
18.4577851295,162.59765625
18.4679150581,162.59765625
18.4780409336,162.59765625
18.4881579876,162.59765625
18.4983389378,162.59765625
18.5084700584,162.59765625
18.5185909271,163.18359375
18.5286960602,163.18359375
18.5388150215,163.18359375
18.5489180088,163.18359375
18.5590219498,163.18359375
18.5691230297,163.18359375
18.5792300701,163.18359375
18.5893449783,163.18359375
18.5994360447,163.18359375
18.6096630096,163.18359375
18.6198279858,163.18359375
18.6300110817,163.18359375
18.640155077,163.18359375
18.6502640247,163.18359375
18.6603739262,163.18359375
18.670445919,163.18359375
18.6805410385,163.18359375
18.6906490326,163.18359375
18.7007899284,163.18359375
18.7109210491,163.18359375
18.7210109234,163.18359375
18.7312150002,163.18359375
18.7413790226,177.83203125
18.7514951229,177.83203125
18.7616090775,177.83203125
18.7717211246,177.83203125
18.781842947,177.83203125
18.79195714,177.83203125
18.802065134,177.83203125
18.8121750355,177.83203125
18.8222830296,177.83203125
18.8323919773,177.83203125
18.8425080776,177.83203125
18.8526339531,177.83203125
18.8627281189,177.83203125
18.8728530407,177.83203125
18.8829901218,177.83203125
18.8933410645,177.83203125
18.9034519196,177.83203125
18.9137101173,177.83203125
18.9239759445,177.83203125
18.934221983,177.83203125
18.9447419643,177.83203125
18.954857111,177.83203125
18.96510005,193.359375
18.9752640724,193.359375
18.9853861332,193.359375
18.9954919815,193.359375
19.0056159496,193.359375
19.0157389641,193.359375
19.0259780884,193.359375
19.0361430645,193.359375
19.0462520123,193.359375
19.0563659668,193.359375
19.0664739609,193.359375
19.0766079426,193.359375
19.0867240429,193.359375
19.0969269276,193.359375
19.1070611477,193.359375
19.1171619892,193.359375
19.1272830963,193.359375
19.1373939514,193.359375
19.1475811005,193.359375
19.1577341557,193.359375
19.1688210964,193.359375
19.1789109707,193.359375
19.1890230179,192.7734375
19.19917202,192.7734375
19.2094111443,192.7734375
19.2195870876,192.7734375
19.2296979427,192.7734375
19.2398200035,192.7734375
19.2499289513,192.7734375
19.2600231171,192.7734375
19.2701489925,192.7734375
19.2803809643,192.7734375
19.2905499935,192.7734375
19.3006629944,192.7734375
19.310765028,192.7734375
19.3209199905,192.7734375
19.3311231136,192.7734375
19.3413040638,192.7734375
19.3514239788,192.7734375
19.3615379333,192.7734375
19.3716311455,192.7734375
19.3818540573,192.7734375
19.3928871155,192.7734375
19.4030580521,192.7734375
19.4131600857,177.24609375
19.4232800007,177.24609375
19.4333951473,177.24609375
19.4435069561,177.24609375
19.4536149502,177.24609375
19.4637589455,177.24609375
19.4738669395,177.24609375
19.4839451313,177.24609375
19.4940590858,177.24609375
19.5041699409,177.24609375
19.5142810345,177.24609375
19.5243890285,177.24609375
19.5344979763,177.24609375
19.5446059704,177.24609375
19.5547170639,177.24609375
19.5648930073,177.24609375
19.5750501156,177.24609375
19.5851309299,177.24609375
19.5952379704,177.24609375
19.605369091,177.24609375
19.6167781353,177.24609375
19.6268970966,177.24609375
19.6370091438,162.59765625
19.6471750736,162.59765625
19.6573140621,162.59765625
19.6674289703,162.59765625
19.677519083,162.59765625
19.6876311302,162.59765625
19.697799921,162.59765625
19.7079050541,162.59765625
19.7180359364,162.59765625
19.7281730175,162.59765625
19.7383110523,162.59765625
19.7484669685,162.59765625
19.758605957,162.59765625
19.7687520981,162.59765625
19.7788619995,162.59765625
19.7889780998,162.59765625
19.799077034,162.59765625
19.8092229366,162.59765625
19.8193600178,162.59765625
19.8294689655,162.59765625
19.8409860134,162.59765625
19.8510560989,162.59765625
19.8611681461,164.6484375
19.8712730408,164.6484375
19.8814589977,164.6484375
19.8916039467,164.6484375
19.9018380642,164.6484375
19.9119441509,164.6484375
19.9220530987,164.6484375
19.9321610928,164.6484375
19.9422709942,164.6484375
19.9524009228,164.6484375
19.9625310898,164.6484375
19.9726629257,164.6484375
19.9827730656,164.6484375
19.9928500652,164.6484375
