27.685546875
27.685546875
27.685546875
27.685546875
27.685546875
27.685546875
27.685546875
27.685546875
27.685546875
27.685546875
27.685546875
27.685546875
27.685546875
27.685546875
27.685546875
27.685546875
27.685546875
27.685546875
27.685546875
27.685546875
27.685546875
27.685546875
27.685546875
27.685546875
27.685546875
27.685546875
27.685546875
27.685546875
27.685546875
27.685546875
27.685546875
27.685546875
27.685546875
27.685546875
27.685546875
27.685546875
27.685546875
27.685546875
27.685546875
27.685546875
27.685546875
27.685546875
27.685546875
27.685546875
27.685546875
31.787109375
42.48046875
53.02734375
65.33203125
74.853515625
81.884765625
86.42578125
89.0625
90.966796875
92.724609375
93.896484375
95.068359375
96.09375
96.6796875
97.119140625
97.8515625
98.291015625
98.583984375
99.0234375
99.31640625
99.169921875
99.755859375
99.462890625
99.755859375
99.462890625
100.048828125
99.755859375
99.755859375
99.755859375
99.755859375
99.755859375
99.755859375
99.755859375
99.755859375
99.755859375
100.048828125
99.755859375
99.755859375
99.755859375
99.755859375
99.755859375
99.755859375
