215.0390625
215.0390625
215.0390625
215.0390625
215.0390625
215.0390625
215.0390625
215.0390625
215.0390625
215.0390625
215.0390625
215.0390625
215.0390625
215.0390625
215.0390625
215.0390625
215.0390625
215.0390625
215.0390625
215.0390625
215.0390625
215.0390625
215.0390625
215.0390625
215.0390625
215.0390625
215.0390625
215.0390625
215.0390625
215.0390625
215.0390625
215.0390625
215.0390625
215.0390625
215.0390625
215.0390625
215.0390625
215.0390625
215.0390625
215.0390625
215.0390625
215.0390625
215.0390625
215.0390625
150
150
150
150
150
150
150
150
150
150
150
150
150
150
150
150
150
150
150
150
150
150
150
150
150
150
150
150
150
150
150
150
150
150
150
150
150
150
150
150
150
150
150
