0,0.0
1,992.7918
2,1091.115662
3,1071.58858206
4,1074.76725197
5,1084.38956168
6,1093.74424788
7,1102.83135748
8,1111.9011816
9,1120.97633566
10,1130.04953008
11,1139.11926388
12,1148.18567439
13,1157.24883112
14,1166.30873631
15,1175.36538869
16,1184.41878917
17,1193.46893898
18,1202.5158393
19,1211.55949131
20,1220.59989616
21,1229.63705502
22,1238.67096906
23,1247.70163944
24,1256.72906733
25,1265.7532539
26,1274.77420029
27,1283.79190768
28,1292.80637724
29,1301.81761012
30,1310.82560748
31,1319.8303705
32,1328.83190032
33,1337.83019812
34,1346.82526504
35,1355.81710225
36,1364.80571091
37,1373.79109219
38,1382.77324723
39,1391.7521772
40,1400.72788326
41,1409.70036655
42,1418.66962824
43,1427.6356695
44,1436.59849146
45,1445.55809529
46,1454.51448214
47,1463.46765318
48,1472.41760954
49,1481.3643524
50,1490.3078829
51,1499.24820219
52,1508.18531143
53,1517.11921177
54,1526.04990436
55,1534.97739036
56,1543.90167091
57,1552.82274716
58,1561.74062028
59,1570.65529141
60,1579.56676169
61,1588.47503227
62,1597.38010431
63,1606.28197896
64,1615.18065736
65,1624.07614065
66,1632.96842999
67,1641.85752653
68,1650.74343141
69,1659.62614577
70,1668.50567076
71,1677.38200753
72,1686.25515722
73,1695.12512097
74,1703.99189994
75,1712.85549525
76,1721.71590806
77,1730.57313952
78,1739.42719075
79,1748.2780629
80,1757.12575712
81,1765.97027455
82,1774.81161632
83,1783.64978357
84,1792.48477746
85,1801.3165991
86,1810.14524966
87,1818.97073025
88,1827.79304203
89,1836.61218612
90,1845.42816367
91,1854.24097582
92,1863.05062369
93,1871.85710843
94,1880.66043117
95,1889.46059305
96,1898.2575952
97,1907.05143876
98,1915.84212486
99,1924.62965463
100,1933.41402921
101,1942.19524973
102,1950.97331732
103,1959.74823312
104,1968.51999825
105,1977.28861386
106,1986.05408106
107,1994.81640098
108,2003.57557477
109,2012.33160355
110,2021.08448845
111,2029.83423059
112,2038.58083111
113,2047.32429113
114,2056.06461178
115,2064.80179419
116,2073.53583949
117,2082.26674879
118,2090.99452324
119,2099.71916394
120,2108.44067204
121,2117.15904864
122,2125.87429489
123,2134.5864119
124,2143.29540078
125,2152.00126268
126,2160.70399871
127,2169.40360999
128,2178.10009765
129,2186.7934628
130,2195.48370657
131,2204.17083008
132,2212.85483445
133,2221.5357208
134,2230.21349024
135,2238.8881439
136,2247.5596829
137,2256.22810835
138,2264.89342138
139,2273.55562309
140,2282.21471461
141,2290.87069706
142,2299.52357155
143,2308.17333918
144,2316.8200011
145,2325.4635584
146,2334.1040122
147,2342.74136361
148,2351.37561376
149,2360.00676375
150,2368.63481469
151,2377.25976771
152,2385.8816239
153,2394.50038439
154,2403.11605028
155,2411.72862269
156,2420.33810273
157,2428.9444915
158,2437.54779012
159,2446.14799969
160,2454.74512133
161,2463.33915615
162,2471.93010524
163,2480.51796973
164,2489.10275072
165,2497.68444931
166,2506.26306661
167,2514.83860374
168,2523.41106178
169,2531.98044185
170,2540.54674506
171,2549.10997251
172,2557.67012531
173,2566.22720455
174,2574.78121134
175,2583.33214679
176,2591.88001199
177,2600.42480806
178,2608.96653609
179,2617.50519718
180,2626.04079243
181,2634.57332295
182,2643.10278984
183,2651.62919419
184,2660.15253711
185,2668.67281969
186,2677.19004304
187,2685.70420825
188,2694.21531641
189,2702.72336864
190,2711.22836602
191,2719.73030965
192,2728.22920063
193,2736.72504005
194,2745.21782902
195,2753.70756862
196,2762.19425995
197,2770.6779041
198,2779.15850217
199,2787.63605526
200,2796.11056445
201,2804.58203084
202,2813.05045552
203,2821.51583958
204,2829.97818412
205,2838.43749023
206,2846.89375899
207,2855.3469915
208,2863.79718885
209,2872.24435212
210,2880.68848242
211,2889.12958082
212,2897.56764841
213,2906.00268629
214,2914.43469554
215,2922.86367724
216,2931.2896325
217,2939.71256238
218,2948.13246799
219,2956.54935039
220,2964.96321069
221,2973.37404996
222,2981.78186929
223,2990.18666977
224,2998.58845247
225,3006.98721848
226,3015.38296889
227,3023.77570478
228,3032.16542722
229,3040.55213731
230,3048.93583612
231,3057.31652473
232,3065.69420423
233,3074.0688757
234,3082.44054021
235,3090.80919884
236,3099.17485268
237,3107.53750281
238,3115.89715029
239,3124.25379622
240,3132.60744166
241,3140.9580877
242,3149.30573541
243,3157.65038587
244,3165.99204016
245,3174.33069934
246,3182.6663645
247,3190.99903672
248,3199.32871705
249,3207.65540659
250,3215.9791064
251,3224.29981756
252,3232.61754114
253,3240.93227821
254,3249.24402985
255,3257.55279713
256,3265.85858111
257,3274.16138287
258,3282.46120349
259,3290.75804402
260,3299.05190555
261,3307.34278914
262,3315.63069585
263,3323.91562677
264,3332.19758295
265,3340.47656547
266,3348.75257539
267,3357.02561379
268,3365.29568172
269,3373.56278025
270,3381.82691045
271,3390.08807339
272,3398.34627014
273,3406.60150174
274,3414.85376928
275,3423.10307381
276,3431.34941641
277,3439.59279812
278,3447.83322002
279,3456.07068317
280,3464.30518863
281,3472.53673747
282,3480.76533073
283,3488.99096949
284,3497.21365481
285,3505.43338775
286,3513.65016936
287,3521.86400072
288,3530.07488286
289,3538.28281686
290,3546.48780377
291,3554.68984466
292,3562.88894057
293,3571.08509257
294,3579.27830172
295,3587.46856906
296,3595.65589566
297,3603.84028258
298,3612.02173086
299,3620.20024157
300,3628.37581575
301,3636.54845446
302,3644.71815877
303,3652.88492971
304,3661.04876834
305,3669.20967572
306,3677.3676529
307,3685.52270093
308,3693.67482086
309,3701.82401374
310,3709.97028063
311,3718.11362258
312,3726.25404063
313,3734.39153583
314,3742.52610924
315,3750.65776191
316,3758.78649487
317,3766.91230919
318,3775.03520591
319,3783.15518607
320,3791.27225072
321,3799.38640092
322,3807.4976377
323,3815.60596211
324,3823.71137521
325,3831.81387803
326,3839.91347161
327,3848.01015701
328,3856.10393526
329,3864.19480742
330,3872.28277453
331,3880.36783762
332,3888.44999774
333,3896.52925593
334,3904.60561324
335,3912.67907071
336,3920.74962937
337,3928.81729027
338,3936.88205445
339,3944.94392295
340,3953.00289681
341,3961.05897706
342,3969.11216476
343,3977.16246093
344,3985.20986661
345,3993.25438284
346,4001.29601066
347,4009.33475111
348,4017.37060522
349,4025.40357403
350,4033.43365858
351,4041.46085989
352,4049.48517902
353,4057.50661698
354,4065.52517482
355,4073.54085357
356,4081.55365426
357,4089.56357793
358,4097.57062561
359,4105.57479833
360,4113.57609712
361,4121.57452302
362,4129.57007706
363,4137.56276027
364,4145.55257368
365,4153.53951832
366,4161.52359522
367,4169.5048054
368,4177.48314991
369,4185.45862977
370,4193.431246
371,4201.40099964
372,4209.36789171
373,4217.33192324
374,4225.29309526
375,4233.25140879
376,4241.20686486
377,4249.1594645
378,4257.10920873
379,4265.05609858
380,4273.00013507
381,4280.94131923
382,4288.87965208
383,4296.81513464
384,4304.74776794
385,4312.677553
386,4320.60449085
387,4328.5285825
388,4336.44982897
389,4344.36823131
390,4352.2837905
391,4360.19650759
392,4368.1063836
393,4376.01341953
394,4383.91761642
395,4391.81897527
396,4399.71749712
397,4407.61318298
398,4415.50603386
399,4423.39605079
400,4431.28323478
401,4439.16758685
402,4447.04910802
403,4454.9277993
404,4462.80366171
405,4470.67669626
406,4478.54690398
407,4486.41428587
408,4494.27884295
409,4502.14057623
410,4509.99948673
411,4517.85557546
412,4525.70884344
413,4533.55929168
414,4541.40692118
415,4549.25173296
416,4557.09372805
417,4564.93290743
418,4572.76927213
419,4580.60282316
420,4588.43356152
421,4596.26148823
422,4604.0866043
423,4611.90891073
424,4619.72840854
425,4627.54509873
426,4635.35898231
427,4643.17006028
428,4650.97833367
429,4658.78380346
430,4666.58647068
431,4674.38633632
432,4682.1834014
433,4689.97766691
434,4697.76913386
435,4705.55780326
436,4713.34367612
437,4721.12675342
438,4728.90703619
439,4736.68452542
440,4744.45922212
441,4752.23112729
442,4760.00024192
443,4767.76656703
444,4775.53010362
445,4783.29085267
446,4791.04881521
447,4798.80399222
448,4806.55638472
449,4814.30599368
450,4822.05282013
451,4829.79686505
452,4837.53812944
453,4845.27661431
454,4853.01232064
455,4860.74524945
456,4868.47540172
457,4876.20277846
458,4883.92738065
459,4891.64920929
460,4899.3682654
461,4907.08454994
462,4914.79806393
463,4922.50880835
464,4930.21678421
465,4937.92199249
466,4945.62443419
467,4953.3241103
468,4961.02102181
469,4968.71516973
470,4976.40655503
471,4984.09517872
472,4991.78104178
473,4999.4641452
474,5007.14448998
475,5014.8220771
476,5022.49690756
477,5030.16898235
478,5037.83830245
479,5045.50486886
480,5053.16868256
481,5060.82974454
482,5068.48805579
483,5076.1436173
484,5083.79643006
485,5091.44649504
486,5099.09381325
487,5106.73838565
488,5114.38021325
489,5122.01929702
490,5129.65563796
491,5137.28923704
492,5144.92009525
493,5152.54821357
494,5160.173593
495,5167.7962345
496,5175.41613907
497,5183.03330769
498,5190.64774133
499,5198.25944099
500,5205.86840764
501,5213.47464227
502,5221.07814584
503,5228.67891936
504,5236.27696379
505,5243.87228012
506,5251.46486933
507,5259.05473239
508,5266.64187028
509,5274.22628399
510,5281.80797449
511,5289.38694275
512,5296.96318976
513,5304.5367165
514,5312.10752393
515,5319.67561304
516,5327.2409848
517,5334.80364019
518,5342.36358018
519,5349.92080575
520,5357.47531787
521,5365.02711752
522,5372.57620567
523,5380.12258329
524,5387.66625136
525,5395.20721085
526,5402.74546273
527,5410.28100798
528,5417.81384756
529,5425.34398246
530,5432.87141363
531,5440.39614205
532,5447.9181687
533,5455.43749453
534,5462.95412052
535,5470.46804765
536,5477.97927687
537,5485.48780916
538,5492.99364549
539,5500.49678682
540,5507.99723412
541,5515.49498836
542,5522.99005051
543,5530.48242153
544,5537.97210238
545,5545.45909405
546,5552.94339748
547,5560.42501365
548,5567.90394352
549,5575.38018805
550,5582.85374821
551,5590.32462497
552,5597.79281927
553,5605.2583321
554,5612.72116442
555,5620.18131717
556,5627.63879134
557,5635.09358787
558,5642.54570773
559,5649.99515189
560,5657.44192129
561,5664.88601691
562,5672.3274397
563,5679.76619061
564,5687.20227063
565,5694.63568069
566,5702.06642176
567,5709.4944948
568,5716.91990076
569,5724.34264061
570,5731.76271529
571,5739.18012577
572,5746.59487301
573,5754.00695795
574,5761.41638157
575,5768.8231448
576,5776.22724861
577,5783.62869395
578,5791.02748178
579,5798.42361304
580,5805.8170887
581,5813.20790971
582,5820.59607702
583,5827.98159158
584,5835.36445434
585,5842.74466627
586,5850.1222283
587,5857.4971414
588,5864.86940651
589,5872.23902458
590,5879.60599656
591,5886.97032341
592,5894.33200608
593,5901.6910455
594,5909.04744264
595,5916.40119843
596,5923.75231384
597,5931.10078981
598,5938.44662727
599,5945.78982719
600,5953.13039051
601,5960.46831817
602,5967.80361113
603,5975.13627032
604,5982.4662967
605,5989.79369121
606,5997.11845479
607,6004.44058839
608,6011.76009296
609,6019.07696943
610,6026.39121874
611,6033.70284186
612,6041.01183971
613,6048.31821324
614,6055.62196339
615,6062.92309111
616,6070.22159733
617,6077.517483
618,6084.81074905
619,6092.10139644
620,6099.38942609
621,6106.67483895
622,6113.95763596
623,6121.23781805
624,6128.51538617
625,6135.79034125
626,6143.06268424
627,6150.33241607
628,6157.59953767
629,6164.86404999
630,6172.12595397
631,6179.38525053
632,6186.64194061
633,6193.89602516
634,6201.1475051
635,6208.39638138
636,6215.64265492
637,6222.88632666
638,6230.12739754
639,6237.36586848
640,6244.60174043
641,6251.83501431
642,6259.06569106
643,6266.29377161
644,6273.5192569
645,6280.74214785
646,6287.9624454
647,6295.18015047
648,6302.39526401
649,6309.60778693
650,6316.81772017
651,6324.02506466
652,6331.22982132
653,6338.4319911
654,6345.63157491
655,6352.82857369
656,6360.02298836
657,6367.21481985
658,6374.40406909
659,6381.590737
660,6388.77482452
661,6395.95633257
662,6403.13526207
663,6410.31161395
664,6417.48538914
665,6424.65658856
666,6431.82521314
667,6438.99126379
668,6446.15474145
669,6453.31564705
670,6460.47398149
671,6467.62974571
672,6474.78294063
673,6481.93356717
674,6489.08162625
675,6496.2271188
676,6503.37004573
677,6510.51040797
678,6517.64820644
679,6524.78344206
680,6531.91611575
681,6539.04622843
682,6546.17378101
683,6553.29877443
684,6560.42120959
685,6567.54108742
686,6574.65840883
687,6581.77317474
688,6588.88538607
689,6595.99504374
690,6603.10214866
691,6610.20670175
692,6617.30870392
693,6624.4081561
694,6631.5050592
695,6638.59941413
696,6645.6912218
697,6652.78048314
698,6659.86719906
699,6666.95137046
700,6674.03299827
701,6681.1120834
702,6688.18862675
703,6695.26262926
704,6702.33409181
705,6709.40301533
706,6716.46940073
707,6723.53324893
708,6730.59456082
709,6737.65333733
710,6744.70957935
711,6751.76328781
712,6758.81446361
713,6765.86310767
714,6772.90922088
715,6779.95280416
716,6786.99385842
717,6794.03238457
718,6801.06838351
719,6808.10185614
720,6815.13280339
721,6822.16122615
722,6829.18712534
723,6836.21050184
724,6843.23135659
725,6850.24969046
726,6857.26550439
727,6864.27879926
728,6871.28957598
729,6878.29783546
730,6885.30357861
731,6892.30680631
732,6899.30751948
733,6906.30571903
734,6913.30140584
735,6920.29458083
736,6927.2852449
737,6934.27339894
738,6941.25904387
739,6948.24218057
740,6955.22280995
741,6962.20093292
742,6969.17655037
743,6976.1496632
744,6983.12027231
745,6990.0883786
746,6997.05398296
747,7004.0170863
748,7010.97768952
749,7017.93579351
750,7024.89139916
751,7031.84450739
752,7038.79511908
753,7045.74323512
754,7052.68885642
755,7059.63198387
756,7066.57261837
757,7073.5107608
758,7080.44641208
759,7087.37957309
760,7094.31024472
761,7101.23842787
762,7108.16412343
763,7115.0873323
764,7122.00805536
765,7128.92629352
766,7135.84204766
767,7142.75531867
768,7149.66610745
769,7156.57441489
770,7163.48024188
771,7170.3835893
772,7177.28445806
773,7184.18284904
774,7191.07876312
775,7197.9722012
776,7204.86316417
777,7211.75165292
778,7218.63766833
779,7225.5212113
780,7232.4022827
781,7239.28088344
782,7246.15701438
783,7253.03067643
784,7259.90187047
785,7266.77059738
786,7273.63685806
787,7280.50065338
788,7287.36198422
789,7294.22085149
790,7301.07725605
791,7307.9311988
792,7314.78268062
793,7321.63170239
794,7328.478265
795,7335.32236932
796,7342.16401625
797,7349.00320665
798,7355.83994143
799,7362.67422145
800,7369.5060476
801,7376.33542076
802,7383.16234181
803,7389.98681163
804,7396.8088311
805,7403.6284011
806,7410.44552251
807,7417.26019621
808,7424.07242308
809,7430.882204
810,7437.68953984
811,7444.49443148
812,7451.29687981
813,7458.09688569
814,7464.89445001
815,7471.68957363
816,7478.48225745
817,7485.27250233
818,7492.06030915
819,7498.84567878
820,7505.6286121
821,7512.40910999
822,7519.18717332
823,7525.96280296
824,7532.73599979
825,7539.50676468
826,7546.2750985
827,7553.04100213
828,7559.80447644
829,7566.5655223
830,7573.32414058
831,7580.08033216
832,7586.8340979
833,7593.58543869
834,7600.33435538
835,7607.08084885
836,7613.82491996
837,7620.5665696
838,7627.30579862
839,7634.0426079
840,7640.77699831
841,7647.50897071
842,7654.23852597
843,7660.96566496
844,7667.69038855
845,7674.41269761
846,7681.13259299
847,7687.85007558
848,7694.56514623
849,7701.27780581
850,7707.98805519
851,7714.69589523
852,7721.4013268
853,7728.10435076
854,7734.80496798
855,7741.50317932
856,7748.19898564
857,7754.89238781
858,7761.58338669
859,7768.27198314
860,7774.95817803
861,7781.64197222
862,7788.32336657
863,7795.00236195
864,7801.6789592
865,7808.35315921
866,7815.02496281
867,7821.69437089
868,7828.36138429
869,7835.02600388
870,7841.68823051
871,7848.34806505
872,7855.00550835
873,7861.66056127
874,7868.31322468
875,7874.96349942
876,7881.61138636
877,7888.25688635
878,7894.90000025
879,7901.54072892
880,7908.17907322
881,7914.81503399
882,7921.4486121
883,7928.0798084
884,7934.70862375
885,7941.33505899
886,7947.959115
887,7954.58079261
888,7961.20009269
889,7967.81701609
890,7974.43156366
891,7981.04373625
892,7987.65353472
893,7994.26095991
894,8000.86601269
895,8007.4686939
896,8014.0690044
897,8020.66694503
898,8027.26251665
899,8033.85572011
900,8040.44655626
901,8047.03502594
902,8053.62113001
903,8060.20486932
904,8066.78624472
905,8073.36525704
906,8079.94190715
907,8086.5161959
908,8093.08812412
909,8099.65769267
910,8106.22490239
911,8112.78975414
912,8119.35224875
913,8125.91238707
914,8132.47016996
915,8139.02559825
916,8145.57867279
917,8152.12939443
918,8158.67776401
919,8165.22378237
920,8171.76745037
921,8178.30876884
922,8184.84773863
923,8191.38436057
924,8197.91863552
925,8204.45056432
926,8210.98014781
927,8217.50738682
928,8224.03228221
929,8230.55483481
930,8237.07504547
931,8243.59291503
932,8250.10844432
933,8256.62163419
934,8263.13248547
935,8269.64099901
936,8276.14717565
937,8282.65101622
938,8289.15252157
939,8295.65169253
940,8302.14852994
941,8308.64303464
942,8315.13520746
943,8321.62504925
944,8328.11256083
945,8334.59774306
946,8341.08059676
947,8347.56112276
948,8354.03932191
949,8360.51519505
950,8366.988743
951,8373.45996659
952,8379.92886668
953,8386.39544408
954,8392.85969964
955,8399.32163418
956,8405.78124854
957,8412.23854356
958,8418.69352007
959,8425.14617889
960,8431.59652086
961,8438.04454682
962,8444.49025759
963,8450.93365401
964,8457.3747369
965,8463.81350709
966,8470.24996543
967,8476.68411274
968,8483.11594984
969,8489.54547757
970,8495.97269676
971,8502.39760823
972,8508.82021281
973,8515.24051133
974,8521.65850463
975,8528.07419352
976,8534.48757884
977,8540.89866142
978,8547.30744206
979,8553.71392162
980,8560.11810091
981,8566.51998075
982,8572.91956198
983,8579.31684542
984,8585.71183189
985,8592.10452222
986,8598.49491723
987,8604.88301775
988,8611.26882459
989,8617.65233859
990,8624.03356058
991,8630.41249136
992,8636.78913176
993,8643.16348261
994,8649.53554473
995,8655.90531893
996,8662.27280605
997,8668.6380069
998,8675.00092231
999,8681.36155308
1000,8687.71990005
1001,8355.49596404
1002,8358.78974586
1003,8374.81862592
1004,8379.48444443
1005,8382.64737312
1006,8386.09707027
1007,8389.62752893
1008,8393.15339249
1009,8396.67463135
1010,8400.1944265
1011,8403.71306691
1012,8407.23046048
1013,8410.74658854
1014,8414.26145328
1015,8417.77505601
1016,8421.2873972
1017,8424.79847728
1018,8428.30829669
1019,8431.8168559
1020,8435.32415534
1021,8438.83019546
1022,8442.33497674
1023,8445.83849961
1024,8449.34076454
1025,8452.84177196
1026,8456.34152233
1027,8459.8400161
1028,8463.33725373
1029,8466.83323566
1030,8470.32796235
1031,8473.82143425
1032,8477.3136518
1033,8480.80461546
1034,8484.29432568
1035,8487.7827829
1036,8491.26998758
1037,8494.75594017
1038,8498.24064112
1039,8501.72409087
1040,8505.20628988
1041,8508.6872386
1042,8512.16693746
1043,8515.64538693
1044,8519.12258745
1045,8522.59853947
1046,8526.07324343
1047,8529.5466998
1048,8533.018909
1049,8536.4898715
1050,8539.95958774
1051,8543.42805816
1052,8546.89528322
1053,8550.36126336
1054,8553.82599902
1055,8557.28949066
1056,8560.75173873
1057,8564.21274366
1058,8567.6725059
1059,8571.13102591
1060,8574.58830412
1061,8578.04434098
1062,8581.49913695
1063,8584.95269245
1064,8588.40500795
1065,8591.85608388
1066,8595.30592069
1067,8598.75451882
1068,8602.20187872
1069,8605.64800084
1070,8609.09288561
1071,8612.53653349
1072,8615.97894491
1073,8619.42012033
1074,8622.86006018
1075,8626.2987649
1076,8629.73623495
1077,8633.17247076
1078,8636.60747278
1079,8640.04124145
1080,8643.47377721
1081,8646.90508052
1082,8650.3351518
1083,8653.7639915
1084,8657.19160006
1085,8660.61797793
1086,8664.04312555
1087,8667.46704335
1088,8670.88973179
1089,8674.3111913
1090,8677.73142232
1091,8681.1504253
1092,8684.56820067
1093,8687.98474888
1094,8691.40007036
1095,8694.81416556
1096,8698.22703492
1097,8701.63867888
1098,8705.04909788
1099,8708.45829235
1100,8711.86626274
1101,8715.27300948
1102,8718.67853302
1103,8722.0828338
1104,8725.48591225
1105,8728.88776882
1106,8732.28840393
1107,8735.68781804
1108,8739.08601157
1109,8742.48298497
1110,8745.87873868
1111,8749.27327313
1112,8752.66658876
1113,8756.05868601
1114,8759.44956532
1115,8762.83922712
1116,8766.22767185
1117,8769.61489994
1118,8773.00091184
1119,8776.38570799
1120,8779.7692888
1121,8783.15165474
1122,8786.53280622
1123,8789.91274369
1124,8793.29146758
1125,8796.66897833
1126,8800.04527637
1127,8803.42036214
1128,8806.79423608
1129,8810.16689861
1130,8813.53835017
1131,8816.90859121
1132,8820.27762215
1133,8823.64544343
1134,8827.01205548
1135,8830.37745874
1136,8833.74165363
1137,8837.1046406
1138,8840.46642008
1139,8843.8269925
1140,8847.1863583
1141,8850.5445179
1142,8853.90147175
1143,8857.25722027
1144,8860.6117639
1145,8863.96510307
1146,8867.3172382
1147,8870.66816975
1148,8874.01789813
1149,8877.36642377
1150,8880.71374713
1151,8884.0598686
1152,8887.40478865
1153,8890.74850769
1154,8894.09102615
1155,8897.43234448
1156,8900.77246309
1157,8904.11138242
1158,8907.4491029
1159,8910.78562496
1160,8914.12094903
1161,8917.45507555
1162,8920.78800493
1163,8924.11973761
1164,8927.45027402
1165,8930.77961459
1166,8934.10775976
1167,8937.43470994
1168,8940.76046556
1169,8944.08502706
1170,8947.40839487
1171,8950.73056941
1172,8954.05155111
1173,8957.37134041
1174,8960.68993772
1175,8964.00734348
1176,8967.32355811
1177,8970.63858204
1178,8973.9524157
1179,8977.26505952
1180,8980.57651393
1181,8983.88677934
1182,8987.19585619
1183,8990.50374491
1184,8993.81044592
1185,8997.11595964
1186,9000.42028652
1187,9003.72342696
1188,9007.02538139
1189,9010.32615025
1190,9013.62573396
1191,9016.92413294
1192,9020.22134761
1193,9023.51737842
1194,9026.81222576
1195,9030.10589009
1196,9033.39837181
1197,9036.68967136
1198,9039.97978915
1199,9043.26872562
1200,9046.55648118
1201,9049.84305627
1202,9053.12845129
1203,9056.41266669
1204,9059.69570287
1205,9062.97756027
1206,9066.25823931
1207,9069.53774041
1208,9072.81606399
1209,9076.09321048
1210,9079.3691803
1211,9082.64397387
1212,9085.91759162
1213,9089.19003396
1214,9092.46130132
1215,9095.73139412
1216,9099.00031278
1217,9102.26805773
1218,9105.53462938
1219,9108.80002816
1220,9112.06425448
1221,9115.32730877
1222,9118.58919146
1223,9121.84990295
1224,9125.10944367
1225,9128.36781405
1226,9131.62501449
1227,9134.88104543
1228,9138.13590727
1229,9141.38960045
1230,9144.64212538
1231,9147.89348248
1232,9151.14367216
1233,9154.39269486
1234,9157.64055098
1235,9160.88724095
1236,9164.13276518
1237,9167.3771241
1238,9170.62031812
1239,9173.86234766
1240,9177.10321313
1241,9180.34291497
1242,9183.58145358
1243,9186.81882937
1244,9190.05504278
1245,9193.29009422
1246,9196.5239841
1247,9199.75671284
1248,9202.98828085
1249,9206.21868857
1250,9209.44793639
1251,9212.67602474
1252,9215.90295403
1253,9219.12872469
1254,9222.35333712
1255,9225.57679174
1256,9228.79908897
1257,9232.02022922
1258,9235.24021292
1259,9238.45904046
1260,9241.67671228
1261,9244.89322877
1262,9248.10859037
1263,9251.32279748
1264,9254.53585052
1265,9257.7477499
1266,9260.95849604
1267,9264.16808935
1268,9267.37653024
1269,9270.58381913
1270,9273.78995644
1271,9276.99494257
1272,9280.19877793
1273,9283.40146295
1274,9286.60299804
1275,9289.8033836
1276,9293.00262005
1277,9296.20070781
1278,9299.39764728
1279,9302.59343888
1280,9305.78808302
1281,9308.98158012
1282,9312.17393057
1283,9315.36513481
1284,9318.55519323
1285,9321.74410624
1286,9324.93187427
1287,9328.11849772
1288,9331.303977
1289,9334.48831253
1290,9337.6715047
1291,9340.85355394
1292,9344.03446066
1293,9347.21422526
1294,9350.39284816
1295,9353.57032975
1296,9356.74667047
1297,9359.92187071
1298,9363.09593088
1299,9366.26885139
1300,9369.44063266
1301,9372.61127509
1302,9375.78077909
1303,9378.94914506
1304,9382.11637343
1305,9385.28246459
1306,9388.44741895
1307,9391.61123693
1308,9394.77391892
1309,9397.93546535
1310,9401.09587661
1311,9404.25515311
1312,9407.41329527
1313,9410.57030348
1314,9413.72617816
1315,9416.88091971
1316,9420.03452854
1317,9423.18700506
1318,9426.33834967
1319,9429.48856278
1320,9432.63764479
1321,9435.78559612
1322,9438.93241716
1323,9442.07810833
1324,9445.22267002
1325,9448.36610265
1326,9451.50840662
1327,9454.64958233
1328,9457.7896302
1329,9460.92855062
1330,9464.066344
1331,9467.20301074
1332,9470.33855125
1333,9473.47296594
1334,9476.6062552
1335,9479.73841945
1336,9482.86945908
1337,9485.9993745
1338,9489.12816612
1339,9492.25583433
1340,9495.38237954
1341,9498.50780215
1342,9501.63210257
1343,9504.7552812
1344,9507.87733845
1345,9510.9982747
1346,9514.11809038
1347,9517.23678587
1348,9520.35436158
1349,9523.47081792
1350,9526.58615529
1351,9529.70037408
1352,9532.8134747
1353,9535.92545756
1354,9539.03632304
1355,9542.14607156
1356,9545.25470351
1357,9548.36221929
1358,9551.46861932
1359,9554.57390398
1360,9557.67807367
1361,9560.78112881
1362,9563.88306978
1363,9566.98389698
1364,9570.08361083
1365,9573.18221171
1366,9576.27970003
1367,9579.37607619
1368,9582.47134058
1369,9585.56549361
1370,9588.65853567
1371,9591.75046716
1372,9594.84128848
1373,9597.93100004
1374,9601.01960222
1375,9604.10709543
1376,9607.19348006
1377,9610.27875652
1378,9613.3629252
1379,9616.4459865
1380,9619.52794081
1381,9622.60878854
1382,9625.68853008
1383,9628.76716583
1384,9631.84469618
1385,9634.92112153
1386,9637.99644229
1387,9641.07065884
1388,9644.14377158
1389,9647.21578091
1390,9650.28668722
1391,9653.35649092
1392,9656.42519239
1393,9659.49279203
1394,9662.55929024
1395,9665.62468742
1396,9668.68898395
1397,9671.75218024
1398,9674.81427668
1399,9677.87527366
1400,9680.93517158
1401,9683.99397083
1402,9687.05167181
1403,9690.10827491
1404,9693.16378053
1405,9696.21818906
1406,9699.27150089
1407,9702.32371642
1408,9705.37483604
1409,9708.42486015
1410,9711.47378914
1411,9714.52162339
1412,9717.56836332
1413,9720.6140093
1414,9723.65856173
1415,9726.702021
1416,9729.74438751
1417,9732.78566165
1418,9735.8258438
1419,9738.86493437
1420,9741.90293375
1421,9744.93984232
1422,9747.97566047
1423,9751.01038861
1424,9754.04402712
1425,9757.07657638
1426,9760.10803681
1427,9763.13840877
1428,9766.16769267
1429,9769.1958889
1430,9772.22299784
1431,9775.24901988
1432,9778.27395543
1433,9781.29780486
1434,9784.32056856
1435,9787.34224694
1436,9790.36284037
1437,9793.38234924
1438,9796.40077395
1439,9799.41811489
1440,9802.43437243
1441,9805.44954698
1442,9808.46363893
1443,9811.47664865
1444,9814.48857654
1445,9817.49942298
1446,9820.50918838
1447,9823.5178731
1448,9826.52547755
1449,9829.53200211
1450,9832.53744716
1451,9835.5418131
1452,9838.54510031
1453,9841.54730918
1454,9844.5484401
1455,9847.54849345
1456,9850.54746962
1457,9853.545369
1458,9856.54219197
1459,9859.53793892
1460,9862.53261024
1461,9865.52620632
1462,9868.51872753
1463,9871.51017427
1464,9874.50054692
1465,9877.48984586
1466,9880.47807149
1467,9883.46522418
1468,9886.45130433
1469,9889.43631231
1470,9892.42024852
1471,9895.40311333
1472,9898.38490714
1473,9901.36563033
1474,9904.34528327
1475,9907.32386636
1476,9910.30137998
1477,9913.27782451
1478,9916.25320035
1479,9919.22750786
1480,9922.20074743
1481,9925.17291946
1482,9928.14402432
1483,9931.11406239
1484,9934.08303406
1485,9937.05093971
1486,9940.01777972
1487,9942.98355448
1488,9945.94826437
1489,9948.91190976
1490,9951.87449106
1491,9954.83600862
1492,9957.79646285
1493,9960.75585411
1494,9963.71418279
1495,9966.67144928
1496,9969.62765394
1497,9972.58279718
1498,9975.53687936
1499,9978.48990086
1500,9981.44186207
1501,9984.39276338
1502,9987.34260515
1503,9990.29138776
1504,9993.23911161
1505,9996.18577707
1506,9999.13138452
1507,10002.0759343
1508,10005.0194269
1509,10007.9618626
1510,10010.9032418
1511,10013.8435649
1512,10016.7828323
1513,10019.7210443
1514,10022.6582013
1515,10025.5943037
1516,10028.5293519
1517,10031.4633463
1518,10034.3962872
1519,10037.3281751
1520,10040.2590102
1521,10043.188793
1522,10046.1175239
1523,10049.0452031
1524,10051.9718312
1525,10054.8974085
1526,10057.8219354
1527,10060.7454121
1528,10063.6678392
1529,10066.589217
1530,10069.5095459
1531,10072.4288262
1532,10075.3470583
1533,10078.2642426
1534,10081.1803795
1535,10084.0954693
1536,10087.0095125
1537,10089.9225094
1538,10092.8344603
1539,10095.7453658
1540,10098.655226
1541,10101.5640414
1542,10104.4718125
1543,10107.3785394
1544,10110.2842227
1545,10113.1888628
1546,10116.0924598
1547,10118.9950144
1548,10121.8965268
1549,10124.7969973
1550,10127.6964265
1551,10130.5948146
1552,10133.492162
1553,10136.3884691
1554,10139.2837363
1555,10142.177964
1556,10145.0711524
1557,10147.9633021
1558,10150.8544133
1559,10153.7444864
1560,10156.6335219
1561,10159.52152
1562,10162.4084812
1563,10165.2944058
1564,10168.1792943
1565,10171.0631469
1566,10173.945964
1567,10176.827746
1568,10179.7084934
1569,10182.5882064
1570,10185.4668854
1571,10188.3445308
1572,10191.221143
1573,10194.0967223
1574,10196.9712692
1575,10199.8447839
1576,10202.7172669
1577,10205.5887185
1578,10208.4591391
1579,10211.3285291
1580,10214.1968888
1581,10217.0642186
1582,10219.9305189
1583,10222.7957901
1584,10225.6600324
1585,10228.5232463
1586,10231.3854322
1587,10234.2465904
1588,10237.1067213
1589,10239.9658253
1590,10242.8239027
1591,10245.6809539
1592,10248.5369792
1593,10251.3919791
1594,10254.2459539
1595,10257.098904
1596,10259.9508297
1597,10262.8017314
1598,10265.6516095
1599,10268.5004643
1600,10271.3482962
1601,10274.1951056
1602,10277.0408929
1603,10279.8856583
1604,10282.7294024
1605,10285.5721254
1606,10288.4138277
1607,10291.2545096
1608,10294.0941716
1609,10296.9328141
1610,10299.7704373
1611,10302.6070416
1612,10305.4426275
1613,10308.2771952
1614,10311.1107451
1615,10313.9432777
1616,10316.7747932
1617,10319.6052921
1618,10322.4347747
1619,10325.2632413
1620,10328.0906924
1621,10330.9171282
1622,10333.7425493
1623,10336.5669558
1624,10339.3903482
1625,10342.2127269
1626,10345.0340922
1627,10347.8544445
1628,10350.6737841
1629,10353.4921114
1630,10356.3094268
1631,10359.1257306
1632,10361.9410232
1633,10364.755305
1634,10367.5685763
1635,10370.3808375
1636,10373.1920889
1637,10376.002331
1638,10378.811564
1639,10381.6197884
1640,10384.4270044
1641,10387.2332125
1642,10390.0384131
1643,10392.8426064
1644,10395.6457929
1645,10398.4479728
1646,10401.2491467
1647,10404.0493147
1648,10406.8484774
1649,10409.646635
1650,10412.4437879
1651,10415.2399365
1652,10418.0350811
1653,10420.8292221
1654,10423.6223599
1655,10426.4144948
1656,10429.2056272
1657,10431.9957574
1658,10434.7848857
1659,10437.5730127
1660,10440.3601385
1661,10443.1462637
1662,10445.9313884
1663,10448.7155132
1664,10451.4986383
1665,10454.2807641
1666,10457.061891
1667,10459.8420193
1668,10462.6211494
1669,10465.3992816
1670,10468.1764164
1671,10470.952554
1672,10473.7276948
1673,10476.5018392
1674,10479.2749875
1675,10482.0471401
1676,10484.8182974
1677,10487.5884597
1678,10490.3576273
1679,10493.1258007
1680,10495.8929801
1681,10498.659166
1682,10501.4243587
1683,10504.1885585
1684,10506.9517658
1685,10509.713981
1686,10512.4752044
1687,10515.2354364
1688,10517.9946773
1689,10520.7529274
1690,10523.5101873
1691,10526.2664571
1692,10529.0217373
1693,10531.7760281
1694,10534.5293301
1695,10537.2816434
1696,10540.0329686
1697,10542.7833058
1698,10545.5326556
1699,10548.2810182
1700,10551.0283939
1701,10553.7747832
1702,10556.5201865
1703,10559.2646039
1704,10562.008036
1705,10564.7504831
1706,10567.4919454
1707,10570.2324234
1708,10572.9719175
1709,10575.7104279
1710,10578.447955
1711,10581.1844993
1712,10583.9200609
1713,10586.6546404
1714,10589.388238
1715,10592.1208541
1716,10594.852489
1717,10597.5831431
1718,10600.3128168
1719,10603.0415104
1720,10605.7692242
1721,10608.4959586
1722,10611.221714
1723,10613.9464907
1724,10616.6702891
1725,10619.3931094
1726,10622.1149522
1727,10624.8358176
1728,10627.5557061
1729,10630.2746181
1730,10632.9925537
1731,10635.7095135
1732,10638.4254978
1733,10641.1405069
1734,10643.8545412
1735,10646.5676009
1736,10649.2796866
1737,10651.9907984
1738,10654.7009369
1739,10657.4101022
1740,10660.1182948
1741,10662.825515
1742,10665.5317632
1743,10668.2370397
1744,10670.9413448
1745,10673.644679
1746,10676.3470425
1747,10679.0484357
1748,10681.748859
1749,10684.4483127
1750,10687.1467972
1751,10689.8443127
1752,10692.5408597
1753,10695.2364385
1754,10697.9310494
1755,10700.6246928
1756,10703.3173691
1757,10706.0090785
1758,10708.6998215
1759,10711.3895983
1760,10714.0784094
1761,10716.7662551
1762,10719.4531356
1763,10722.1390515
1764,10724.8240029
1765,10727.5079903
1766,10730.1910141
1767,10732.8730744
1768,10735.5541718
1769,10738.2343065
1770,10740.9134789
1771,10743.5916893
1772,10746.2689381
1773,10748.9452257
1774,10751.6205523
1775,10754.2949183
1776,10756.9683241
1777,10759.6407699
1778,10762.3122563
1779,10764.9827834
1780,10767.6523517
1781,10770.3209614
1782,10772.988613
1783,10775.6553067
1784,10778.321043
1785,10780.9858221
1786,10783.6496444
1787,10786.3125103
1788,10788.97442
1789,10791.635374
1790,10794.2953726
1791,10796.9544161
1792,10799.6125048
1793,10802.2696391
1794,10804.9258194
1795,10807.581046
1796,10810.2353192
1797,10812.8886394
1798,10815.5410069
1799,10818.1924221
1800,10820.8428852
1801,10823.4923967
1802,10826.1409569
1803,10828.7885661
1804,10831.4352247
1805,10834.080933
1806,10836.7256913
1807,10839.3695001
1808,10842.0123595
1809,10844.6542701
1810,10847.295232
1811,10849.9352457
1812,10852.5743115
1813,10855.2124297
1814,10857.8496007
1815,10860.4858248
1816,10863.1211024
1817,10865.7554338
1818,10868.3888193
1819,10871.0212593
1820,10873.652754
1821,10876.283304
1822,10878.9129094
1823,10881.5415707
1824,10884.1692881
1825,10886.7960621
1826,10889.4218929
1827,10892.0467808
1828,10894.6707263
1829,10897.2937297
1830,10899.9157913
1831,10902.5369114
1832,10905.1570904
1833,10907.7763286
1834,10910.3946263
1835,10913.011984
1836,10915.6284018
1837,10918.2438803
1838,10920.8584196
1839,10923.4720202
1840,10926.0846824
1841,10928.6964064
1842,10931.3071928
1843,10933.9170417
1844,10936.5259535
1845,10939.1339286
1846,10941.7409673
1847,10944.34707
1848,10946.9522369
1849,10949.5564684
1850,10952.1597648
1851,10954.7621266
1852,10957.3635539
1853,10959.9640472
1854,10962.5636068
1855,10965.162233
1856,10967.7599261
1857,10970.3566866
1858,10972.9525146
1859,10975.5474107
1860,10978.141375
1861,10980.7344079
1862,10983.3265098
1863,10985.917681
1864,10988.5079219
1865,10991.0972327
1866,10993.6856138
1867,10996.2730655
1868,10998.8595882
1869,11001.4451822
1870,11004.0298478
1871,11006.6135854
1872,11009.1963953
1873,11011.7782779
1874,11014.3592334
1875,11016.9392622
1876,11019.5183646
1877,11022.096541
1878,11024.6737917
1879,11027.250117
1880,11029.8255173
1881,11032.3999929
1882,11034.9735441
1883,11037.5461713
1884,11040.1178747
1885,11042.6886548
1886,11045.2585118
1887,11047.8274461
1888,11050.395458
1889,11052.9625479
1890,11055.5287161
1891,11058.0939628
1892,11060.6582885
1893,11063.2216935
1894,11065.784178
1895,11068.3457425
1896,11070.9063873
1897,11073.4661126
1898,11076.0249189
1899,11078.5828064
1900,11081.1397756
1901,11083.6958266
1902,11086.2509598
1903,11088.8051757
1904,11091.3584744
1905,11093.9108563
1906,11096.4623219
1907,11099.0128713
1908,11101.5625049
1909,11104.1112231
1910,11106.6590261
1911,11109.2059143
1912,11111.7518881
1913,11114.2969478
1914,11116.8410936
1915,11119.3843259
1916,11121.9266451
1917,11124.4680515
1918,11127.0085453
1919,11129.548127
1920,11132.0867968
1921,11134.6245551
1922,11137.1614023
1923,11139.6973385
1924,11142.2323643
1925,11144.7664798
1926,11147.2996854
1927,11149.8319815
1928,11152.3633683
1929,11154.8938463
1930,11157.4234156
1931,11159.9520768
1932,11162.47983
1933,11165.0066756
1934,11167.5326139
1935,11170.0576452
1936,11172.58177
1937,11175.1049885
1938,11177.627301
1939,11180.1487078
1940,11182.6692093
1941,11185.1888059
1942,11187.7074977
1943,11190.2252852
1944,11192.7421687
1945,11195.2581485
1946,11197.7732249
1947,11200.2873983
1948,11202.800669
1949,11205.3130372
1950,11207.8245034
1951,11210.3350679
1952,11212.8447309
1953,11215.3534928
1954,11217.8613539
1955,11220.3683146
1956,11222.8743751
1957,11225.3795358
1958,11227.8837971
1959,11230.3871592
1960,11232.8896224
1961,11235.3911871
1962,11237.8918536
1963,11240.3916223
1964,11242.8904934
1965,11245.3884673
1966,11247.8855442
1967,11250.3817246
1968,11252.8770087
1969,11255.3713969
1970,11257.8648895
1971,11260.3574867
1972,11262.849189
1973,11265.3399967
1974,11267.82991
1975,11270.3189293
1976,11272.8070548
1977,11275.2942871
1978,11277.7806263
1979,11280.2660727
1980,11282.7506268
1981,11285.2342887
1982,11287.7170589
1983,11290.1989376
1984,11292.6799253
1985,11295.1600221
1986,11297.6392284
1987,11300.1175445
1988,11302.5949708
1989,11305.0715076
1990,11307.5471552
1991,11310.0219139
1992,11312.495784
1993,11314.9687658
1994,11317.4408597
1995,11319.9120661
1996,11322.3823851
1997,11324.8518171
1998,11327.3203625
1999,11329.7880215
2000,11332.2547945
