0,1090.98
1,1100.84
2,1069.6573324
3,1075.08162592
4,1085.34121869
5,1094.66943662
6,1103.7300826
7,1112.79819717
8,1121.87387837
9,1130.94687898
10,1140.01627052
11,1149.08235236
12,1158.14518727
13,1167.20477089
14,1176.26110156
15,1185.31418042
16,1194.36400874
17,1203.41058768
18,1212.45391843
19,1221.49400213
20,1230.53083996
21,1239.56443309
22,1248.59478267
23,1257.62188987
24,1266.64575586
25,1275.6663818
26,1284.68376886
27,1293.69791819
28,1302.70883095
29,1311.71650832
30,1320.72095146
31,1329.72216151
32,1338.72013965
33,1347.71488704
34,1356.70640484
35,1365.69469419
36,1374.67975627
37,1383.66159224
38,1392.64020324
39,1401.61559045
40,1410.58775501
41,1419.55669808
42,1428.52242083
43,1437.4849244
44,1446.44420995
45,1455.40027865
46,1464.35313163
47,1473.30277006
48,1482.2491951
49,1491.19240789
50,1500.13240959
51,1509.06920135
52,1518.00278433
53,1526.93315967
54,1535.86032853
55,1544.78429206
56,1553.70505141
57,1562.62260773
58,1571.53696217
59,1580.44811589
60,1589.35607002
61,1598.26082573
62,1607.16238415
63,1616.06074643
64,1624.95591373
65,1633.84788718
66,1642.73666795
67,1651.62225716
68,1660.50465598
69,1669.38386554
70,1678.25988699
71,1687.13272147
72,1696.00237013
73,1704.86883412
74,1713.73211457
75,1722.59221263
76,1731.44912944
77,1740.30286614
78,1749.15342389
79,1758.0008038
80,1766.84500704
81,1775.68603473
82,1784.52388803
83,1793.35856806
84,1802.19007597
85,1811.0184129
86,1819.84357998
87,1828.66557836
88,1837.48440917
89,1846.30007354
90,1855.11257262
91,1863.92190755
92,1872.72807945
93,1881.53108947
94,1890.33093873
95,1899.12762838
96,1907.92115955
97,1916.71153337
98,1925.49875098
99,1934.28281351
100,1943.06372209
101,1951.84147785
102,1960.61608193
103,1969.38753547
104,1978.15583958
105,1986.92099539
106,1995.68300406
107,2004.44186669
108,2013.19758442
109,2021.95015838
110,2030.6995897
111,2039.44587951
112,2048.18902893
113,2056.9290391
114,2065.66591113
115,2074.39964616
116,2083.13024532
117,2091.85770972
118,2100.58204049
119,2109.30323877
120,2118.02130567
121,2126.73624232
122,2135.44804984
123,2144.15672935
124,2152.86228199
125,2161.56470887
126,2170.26401111
127,2178.96018983
128,2187.65324617
129,2196.34318123
130,2205.02999615
131,2213.71369202
132,2222.39427
133,2231.07173117
134,2239.74607668
135,2248.41730764
136,2257.08542516
137,2265.75043036
138,2274.41232436
139,2283.07110828
140,2291.72678324
141,2300.37935034
142,2309.02881071
143,2317.67516546
144,2326.31841571
145,2334.95856257
146,2343.59560716
147,2352.22955059
148,2360.86039397
149,2369.48813841
150,2378.11278504
151,2386.73433495
152,2395.35278927
153,2403.96814911
154,2412.58041557
155,2421.18958977
156,2429.79567281
157,2438.39866581
158,2446.99856987
159,2455.59538611
160,2464.18911564
161,2472.77975955
162,2481.36731897
163,2489.95179499
164,2498.53318873
165,2507.11150129
166,2515.68673378
167,2524.2588873
168,2532.82796296
169,2541.39396186
170,2549.95688512
171,2558.51673382
172,2567.07350909
173,2575.62721201
174,2584.1778437
175,2592.72540526
176,2601.26989778
177,2609.81132237
178,2618.34968014
179,2626.88497218
180,2635.4171996
181,2643.94636349
182,2652.47246495
183,2660.99550509
184,2669.515485
185,2678.03240578
186,2686.54626854
187,2695.05707436
188,2703.56482435
189,2712.0695196
190,2720.57116122
191,2729.06975029
192,2737.56528791
193,2746.05777518
194,2754.54721319
195,2763.03360305
196,2771.51694583
197,2779.99724264
198,2788.47449458
199,2796.94870272
200,2805.41986817
201,2813.88799203
202,2822.35307537
203,2830.8151193
204,2839.2741249
205,2847.73009326
206,2856.18302548
207,2864.63292265
208,2873.07978586
209,2881.52361618
210,2889.96441472
211,2898.40218257
212,2906.83692081
213,2915.26863052
214,2923.6973128
215,2932.12296873
216,2940.5455994
217,2948.9652059
218,2957.38178931
219,2965.79535072
220,2974.20589121
221,2982.61341186
222,2991.01791377
223,2999.41939801
224,3007.81786567
225,3016.21331783
226,3024.60575558
227,3032.99517999
228,3041.38159215
229,3049.76499314
230,3058.14538404
231,3066.52276594
232,3074.89713991
233,3083.26850703
234,3091.63686838
235,3100.00222504
236,3108.36457809
237,3116.72392862
238,3125.08027769
239,3133.43362638
240,3141.78397577
241,3150.13132694
242,3158.47568097
243,3166.81703893
244,3175.1554019
245,3183.49077095
246,3191.82314716
247,3200.15253159
248,3208.47892534
249,3216.80232946
250,3225.12274504
251,3233.44017314
252,3241.75461485
253,3250.06607122
254,3258.37454334
255,3266.68003227
256,3274.98253909
257,3283.28206487
258,3291.57861067
259,3299.87217757
260,3308.16276663
261,3316.45037894
262,3324.73501554
263,3333.01667752
264,3341.29536594
265,3349.57108187
266,3357.84382638
267,3366.11360053
268,3374.38040538
269,3382.64424201
270,3390.90511149
271,3399.16301487
272,3407.41795322
273,3415.66992761
274,3423.9189391
275,3432.16498875
276,3440.40807763
277,3448.64820681
278,3456.88537733
279,3465.11959027
280,3473.35084669
281,3481.57914765
282,3489.80449421
283,3498.02688743
284,3506.24632837
285,3514.46281809
286,3522.67635766
287,3530.88694812
288,3539.09459055
289,3547.29928599
290,3555.50103551
291,3563.69984017
292,3571.89570101
293,3580.0886191
294,3588.2785955
295,3596.46563126
296,3604.64972744
297,3612.83088509
298,3621.00910526
299,3629.18438902
300,3637.35673741
301,3645.5261515
302,3653.69263233
303,3661.85618095
304,3670.01679843
305,3678.17448581
306,3686.32924414
307,3694.48107448
308,3702.62997788
309,3710.77595538
310,3718.91900805
311,3727.05913692
312,3735.19634305
313,3743.33062749
314,3751.46199129
315,3759.5904355
316,3767.71596115
317,3775.83856931
318,3783.95826103
319,3792.07503733
320,3800.18889929
321,3808.29984793
322,3816.40788431
323,3824.51300947
324,3832.61522446
325,3840.71453032
326,3848.81092809
327,3856.90441883
328,3864.99500357
329,3873.08268336
330,3881.16745924
331,3889.24933226
332,3897.32830345
333,3905.40437386
334,3913.47754452
335,3921.54781649
336,3929.6151908
337,3937.67966849
338,3945.7412506
339,3953.79993818
340,3961.85573226
341,3969.90863387
342,3977.95864406
343,3986.00576387
344,3994.04999434
345,4002.09133649
346,4010.12979138
347,4018.16536003
348,4026.19804348
349,4034.22784276
350,4042.25475893
351,4050.278793
352,4058.29994601
353,4066.318219
354,4074.33361301
355,4082.34612906
356,4090.35576818
357,4098.36253142
358,4106.36641981
359,4114.36743437
360,4122.36557614
361,4130.36084615
362,4138.35324542
363,4146.342775
364,4154.32943592
365,4162.31322919
366,4170.29415586
367,4178.27221695
368,4186.24741349
369,4194.21974651
370,4202.18921703
371,4210.15582609
372,4218.11957471
373,4226.08046392
374,4234.03849474
375,4241.99366821
376,4249.94598535
377,4257.89544717
378,4265.84205472
379,4273.78580901
380,4281.72671107
381,4289.66476192
382,4297.59996259
383,4305.53231409
384,4313.46181746
385,4321.38847371
386,4329.31228387
387,4337.23324896
388,4345.15137
389,4353.06664801
390,4360.97908401
391,4368.88867903
392,4376.79543407
393,4384.69935017
394,4392.60042835
395,4400.49866961
396,4408.39407499
397,4416.28664549
398,4424.17638214
399,4432.06328595
400,4439.94735794
401,4447.82859913
402,4455.70701053
403,4463.58259316
404,4471.45534803
405,4479.32527617
406,4487.19237858
407,4495.05665628
408,4502.91811029
409,4510.77674161
410,4518.63255127
411,4526.48554027
412,4534.33570963
413,4542.18306036
414,4550.02759347
415,4557.86930998
416,4565.70821089
417,4573.54429721
418,4581.37756996
419,4589.20803015
420,4597.03567878
421,4604.86051688
422,4612.68254543
423,4620.50176546
424,4628.31817798
425,4636.13178398
426,4643.94258448
427,4651.75058048
428,4659.55577301
429,4667.35816304
430,4675.15775161
431,4682.9545397
432,4690.74852833
433,4698.5397185
434,4706.32811123
435,4714.1137075
436,4721.89650832
437,4729.67651471
438,4737.45372765
439,4745.22814817
440,4752.99977725
441,4760.7686159
442,4768.53466512
443,4776.29792592
444,4784.05839929
445,4791.81608623
446,4799.57098775
447,4807.32310485
448,4815.07243852
449,4822.81898978
450,4830.5627596
451,4838.303749
452,4846.04195896
453,4853.7773905
454,4861.51004461
455,4869.23992228
456,4876.96702451
457,4884.6913523
458,4892.41290664
459,4900.13168852
460,4907.84769896
461,4915.56093894
462,4923.27140945
463,4930.97911149
464,4938.68404606
465,4946.38621413
466,4954.08561673
467,4961.78225482
468,4969.47612941
469,4977.16724149
470,4984.85559205
471,4992.54118208
472,5000.22401257
473,5007.90408452
474,5015.58139891
475,5023.25595673
476,5030.92775898
477,5038.59680664
478,5046.2631007
479,5053.92664216
480,5061.58743199
481,5069.24547119
482,5076.90076075
483,5084.55330165
484,5092.20309488
485,5099.85014142
486,5107.49444226
487,5115.1359984
488,5122.7748108
489,5130.41088047
490,5138.04420837
491,5145.67479551
492,5153.30264286
493,5160.9277514
494,5168.55012212
495,5176.169756
496,5183.78665403
497,5191.40081719
498,5199.01224645
499,5206.6209428
500,5214.22690723
501,5221.8301407
502,5229.43064421
503,5237.02841874
504,5244.62346526
505,5252.21578475
506,5259.80537819
507,5267.39224656
508,5274.97639084
509,5282.55781201
510,5290.13651105
511,5297.71248892
512,5305.28574662
513,5312.85628511
514,5320.42410537
515,5327.98920838
516,5335.55159512
517,5343.11126655
518,5350.66822366
519,5358.22246742
520,5365.7739988
521,5373.32281878
522,5380.86892833
523,5388.41232842
524,5395.95302003
525,5403.49100413
526,5411.02628169
527,5418.55885368
528,5426.08872107
529,5433.61588485
530,5441.14034596
531,5448.6621054
532,5456.18116412
533,5463.69752309
534,5471.2111833
535,5478.7221457
536,5486.23041126
537,5493.73598095
538,5501.23885574
539,5508.7390366
540,5516.2365245
541,5523.73132039
542,5531.22342525
543,5538.71284005
544,5546.19956575
545,5553.68360331
546,5561.16495371
547,5568.6436179
548,5576.11959685
549,5583.59289152
550,5591.06350289
551,5598.5314319
552,5605.99667953
553,5613.45924674
554,5620.91913448
555,5628.37634373
556,5635.83087544
557,5643.28273058
558,5650.7319101
559,5658.17841497
560,5665.62224614
561,5673.06340459
562,5680.50189126
563,5687.93770711
564,5695.37085311
565,5702.80133022
566,5710.22913939
567,5717.65428157
568,5725.07675773
569,5732.49656883
570,5739.91371582
571,5747.32819966
572,5754.7400213
573,5762.14918171
574,5769.55568182
575,5776.95952261
576,5784.36070503
577,5791.75923002
578,5799.15509855
579,5806.54831157
580,5813.93887003
581,5821.32677488
582,5828.71202709
583,5836.09462759
584,5843.47457734
585,5850.8518773
586,5858.22652841
587,5865.59853163
588,5872.96788791
589,5880.33459819
590,5887.69866343
591,5895.06008458
592,5902.41886259
593,5909.7749984
594,5917.12849296
595,5924.47934723
596,5931.82756215
597,5939.17313867
598,5946.51607773
599,5953.85638029
600,5961.19404729
601,5968.52907967
602,5975.86147838
603,5983.19124437
604,5990.51837858
605,5997.84288196
606,6005.16475545
607,6012.484
608,6019.80061655
609,6027.11460604
610,6034.42596942
611,6041.73470763
612,6049.04082161
613,6056.34431231
614,6063.64518067
615,6070.94342762
616,6078.23905411
617,6085.53206108
618,6092.82244947
619,6100.11022023
620,6107.39537429
621,6114.67791258
622,6121.95783606
623,6129.23514565
624,6136.50984231
625,6143.78192695
626,6151.05140054
627,6158.31826399
628,6165.58251825
629,6172.84416425
630,6180.10320294
631,6187.35963524
632,6194.61346209
633,6201.86468444
634,6209.11330321
635,6216.35931933
636,6223.60273376
637,6230.8435474
638,6238.08176121
639,6245.31737612
640,6252.55039305
641,6259.78081294
642,6267.00863672
643,6274.23386534
644,6281.4564997
645,6288.67654076
646,6295.89398944
647,6303.10884666
648,6310.32111337
649,6317.53079049
650,6324.73787895
651,6331.94237968
652,6339.14429361
653,6346.34362166
654,6353.54036478
655,6360.73452388
656,6367.92609989
657,6375.11509374
658,6382.30150636
659,6389.48533867
660,6396.66659161
661,6403.84526609
662,6411.02136304
663,6418.19488339
664,6425.36582806
665,6432.53419798
666,6439.69999408
667,6446.86321727
668,6454.02386848
669,6461.18194863
670,6468.33745866
671,6475.49039947
672,6482.64077199
673,6489.78857715
674,6496.93381586
675,6504.07648906
676,6511.21659764
677,6518.35414256
678,6525.48912471
679,6532.62154502
680,6539.75140441
681,6546.8787038
682,6554.00344411
683,6561.12562625
684,6568.24525116
685,6575.36231974
686,6582.47683291
687,6589.58879159
688,6596.6981967
689,6603.80504914
690,6610.90934986
691,6618.01109974
692,6625.11029972
693,6632.20695071
694,6639.30105362
695,6646.39260938
696,6653.48161888
697,6660.56808305
698,6667.6520028
699,6674.73337904
700,6681.8122127
701,6688.88850467
702,6695.96225588
703,6703.03346723
704,6710.10213964
705,6717.16827402
706,6724.23187128
707,6731.29293233
708,6738.35145808
709,6745.40744944
710,6752.46090733
711,6759.51183265
712,6766.56022631
713,6773.60608922
714,6780.64942229
715,6787.69022643
716,6794.72850254
717,6801.76425153
718,6808.79747432
719,6815.8281718
720,6822.85634489
721,6829.88199448
722,6836.9051215
723,6843.92572684
724,6850.9438114
725,6857.95937609
726,6864.97242183
727,6871.98294951
728,6878.99096003
729,6885.9964543
730,6892.99943322
731,6899.99989771
732,6906.99784865
733,6913.99328695
734,6920.98621352
735,6927.97662926
736,6934.96453506
737,6941.94993183
738,6948.93282046
739,6955.91320187
740,6962.89107695
741,6969.8664466
742,6976.83931172
743,6983.80967321
744,6990.77753197
745,6997.74288889
746,7004.70574488
747,7011.66610083
748,7018.62395764
749,7025.57931621
750,7032.53217743
751,7039.48254221
752,7046.43041143
753,7053.375786
754,7060.31866681
755,7067.25905475
756,7074.19695072
757,7081.13235561
758,7088.06527033
759,7094.99569576
760,7101.92363279
761,7108.84908233
762,7115.77204526
763,7122.69252248
764,7129.61051488
765,7136.52602334
766,7143.43904877
767,7150.34959206
768,7157.25765409
769,7164.16323575
770,7171.06633795
771,7177.96696156
772,7184.86510749
773,7191.7607766
774,7198.65396981
775,7205.54468798
776,7212.43293203
777,7219.31870283
778,7226.20200126
779,7233.08282823
780,7239.96118461
781,7246.83707129
782,7253.71048916
783,7260.58143911
784,7267.44992202
785,7274.31593878
786,7281.17949028
787,7288.04057739
788,7294.899201
789,7301.755362
790,7308.60906127
791,7315.4602997
792,7322.30907817
793,7329.15539756
794,7335.99925876
795,7342.84066265
796,7349.6796101
797,7356.51610201
798,7363.35013926
799,7370.18172271
800,7377.01085327
801,7383.8375318
802,7390.66175919
803,7397.48353632
804,7404.30286407
805,7411.11974331
806,7417.93417493
807,7424.74615981
808,7431.55569881
809,7438.36279283
810,7445.16744274
811,7451.96964942
812,7458.76941374
813,7465.56673659
814,7472.36161883
815,7479.15406134
816,7485.94406501
817,7492.7316307
818,7499.51675929
819,7506.29945166
820,7513.07970869
821,7519.85753123
822,7526.63292018
823,7533.4058764
824,7540.17640077
825,7546.94449415
826,7553.71015743
827,7560.47339148
828,7567.23419716
829,7573.99257536
830,7580.74852693
831,7587.50205276
832,7594.25315371
833,7601.00183065
834,7607.74808446
835,7614.49191601
836,7621.23332616
837,7627.97231578
838,7634.70888574
839,7641.44303692
840,7648.17477017
841,7654.90408638
842,7661.6309864
843,7668.35547111
844,7675.07754136
845,7681.79719803
846,7688.51444199
847,7695.2292741
848,7701.94169522
849,7708.65170623
850,7715.35930799
851,7722.06450135
852,7728.7672872
853,7735.46766638
854,7742.16563978
855,7748.86120824
856,7755.55437264
857,7762.24513383
858,7768.93349268
859,7775.61945006
860,7782.30300681
861,7788.98416381
862,7795.66292193
863,7802.33928201
864,7809.01324492
865,7815.68481152
866,7822.35398268
867,7829.02075924
868,7835.68514208
869,7842.34713204
870,7849.00673
871,7855.66393681
872,7862.31875332
873,7868.9711804
874,7875.6212189
875,7882.26886968
876,7888.9141336
877,7895.55701152
878,7902.19750429
879,7908.83561276
880,7915.4713378
881,7922.10468026
882,7928.735641
883,7935.36422087
884,7941.99042072
885,7948.61424142
886,7955.23568381
887,7961.85474874
888,7968.47143708
889,7975.08574968
890,7981.69768738
891,7988.30725105
892,7994.91444153
893,8001.51925967
894,8008.12170633
895,8014.72178236
896,8021.31948862
897,8027.91482594
898,8034.50779518
899,8041.0983972
900,8047.68663283
901,8054.27250294
902,8060.85600837
903,8067.43714997
904,8074.01592859
905,8080.59234508
906,8087.16640028
907,8093.73809504
908,8100.30743022
909,8106.87440665
910,8113.43902519
911,8120.00128668
912,8126.56119196
913,8133.11874189
914,8139.67393731
915,8146.22677907
916,8152.777268
917,8159.32540496
918,8165.87119079
919,8172.41462633
920,8178.95571243
921,8185.49444992
922,8192.03083967
923,8198.5648825
924,8205.09657925
925,8211.62593079
926,8218.15293793
927,8224.67760153
928,8231.19992243
929,8237.71990147
930,8244.23753949
931,8250.75283732
932,8257.26579582
933,8263.77641582
934,8270.28469815
935,8276.79064367
936,8283.2942532
937,8289.79552759
938,8296.29446768
939,8302.7910743
940,8309.28534829
941,8315.77729049
942,8322.26690173
943,8328.75418286
944,8335.23913471
945,8341.72175811
946,8348.20205391
947,8354.68002293
948,8361.15566602
949,8367.628984
950,8374.09997772
951,8380.56864801
952,8387.03499569
953,8393.49902162
954,8399.96072661
955,8406.4201115
956,8412.87717714
957,8419.33192434
958,8425.78435394
959,8432.23446677
960,8438.68226367
961,8445.12774547
962,8451.57091299
963,8458.01176707
964,8464.45030855
965,8470.88653824
966,8477.32045698
967,8483.7520656
968,8490.18136493
969,8496.6083558
970,8503.03303903
971,8509.45541546
972,8515.87548592
973,8522.29325122
974,8528.70871221
975,8535.1218697
976,8541.53272453
977,8547.94127751
978,8554.34752949
979,8560.75148128
980,8567.1531337
981,8573.5524876
982,8579.94954378
983,8586.34430307
984,8592.73676631
985,8599.12693432
986,8605.51480791
987,8611.90038791
988,8618.28367515
989,8624.66467044
990,8631.04337462
991,8637.41978851
992,8643.79391292
993,8650.16574867
994,8656.53529661
995,8662.90255753
996,8669.26753226
997,8675.63022163
998,8681.99062645
999,8688.34874756
1000,8694.70458575
1001,8362.47814186
1002,8365.7694167
1003,8381.7957907
1004,8386.45910403
1005,8389.61952844
1006,8393.06672222
1007,8396.5946784
1008,8400.11804038
1009,8403.63677857
1010,8407.15407393
1011,8410.67021545
1012,8414.18511103
1013,8417.698742
1014,8421.21111055
1015,8424.72221798
1016,8428.23206477
1017,8431.74065134
1018,8435.24797815
1019,8438.75404563
1020,8442.25885425
1021,8445.76240445
1022,8449.26469669
1023,8452.76573143
1024,8456.2655091
1025,8459.76403017
1026,8463.26129508
1027,8466.75730429
1028,8470.25205824
1029,8473.74555739
1030,8477.23780218
1031,8480.72879308
1032,8484.21853052
1033,8487.70701496
1034,8491.19424684
1035,8494.68022663
1036,8498.16495476
1037,8501.64843169
1038,8505.13065787
1039,8508.61163374
1040,8512.09135975
1041,8515.56983635
1042,8519.047064
1043,8522.52304313
1044,8525.99777421
1045,8529.47125767
1046,8532.94349396
1047,8536.41448354
1048,8539.88422684
1049,8543.35272433
1050,8546.81997643
1051,8550.28598361
1052,8553.7507463
1053,8557.21426496
1054,8560.67654004
1055,8564.13757197
1056,8567.5973612
1057,8571.05590819
1058,8574.51321337
1059,8577.9692772
1060,8581.42410011
1061,8584.87768256
1062,8588.33002499
1063,8591.78112784
1064,8595.23099156
1065,8598.6796166
1066,8602.1270034
1067,8605.5731524
1068,8609.01806405
1069,8612.46173879
1070,8615.90417707
1071,8619.34537933
1072,8622.78534601
1073,8626.22407756
1074,8629.66157443
1075,8633.09783705
1076,8636.53286586
1077,8639.96666132
1078,8643.39922387
1079,8646.83055393
1080,8650.26065197
1081,8653.68951842
1082,8657.11715373
1083,8660.54355833
1084,8663.96873266
1085,8667.39267718
1086,8670.81539232
1087,8674.23687852
1088,8677.65713623
1089,8681.07616587
1090,8684.49396791
1091,8687.91054277
1092,8691.3258909
1093,8694.74001274
1094,8698.15290872
1095,8701.56457929
1096,8704.97502489
1097,8708.38424596
1098,8711.79224294
1099,8715.19901626
1100,8718.60456637
1101,8722.0088937
1102,8725.4119987
1103,8728.8138818
1104,8732.21454345
1105,8735.61398408
1106,8739.01220412
1107,8742.40920402
1108,8745.80498422
1109,8749.19954516
1110,8752.59288726
1111,8755.98501097
1112,8759.37591673
1113,8762.76560498
1114,8766.15407614
1115,8769.54133066
1116,8772.92736897
1117,8776.31219152
1118,8779.69579874
1119,8783.07819106
1120,8786.45936892
1121,8789.83933275
1122,8793.218083
1123,8796.5956201
1124,8799.97194448
1125,8803.34705658
1126,8806.72095684
1127,8810.09364568
1128,8813.46512355
1129,8816.83539088
1130,8820.2044481
1131,8823.57229565
1132,8826.93893397
1133,8830.30436348
1134,8833.66858462
1135,8837.03159783
1136,8840.39340353
1137,8843.75400217
1138,8847.11339418
1139,8850.47157998
1140,8853.82856001
1141,8857.18433471
1142,8860.53890451
1143,8863.89226983
1144,8867.24443113
1145,8870.59538881
1146,8873.94514332
1147,8877.29369509
1148,8880.64104455
1149,8883.98719214
1150,8887.33213828
1151,8890.6758834
1152,8894.01842795
1153,8897.35977234
1154,8900.69991701
1155,8904.03886239
1156,8907.37660891
1157,8910.713157
1158,8914.04850709
1159,8917.38265961
1160,8920.71561499
1161,8924.04737366
1162,8927.37793606
1163,8930.70730261
1164,8934.03547373
1165,8937.36244986
1166,8940.68823143
1167,8944.01281887
1168,8947.33621261
1169,8950.65841307
1170,8953.97942068
1171,8957.29923587
1172,8960.61785907
1173,8963.9352907
1174,8967.25153121
1175,8970.566581
1176,8973.88044052
1177,8977.19311018
1178,8980.50459041
1179,8983.81488166
1180,8987.12398432
1181,8990.43189884
1182,8993.73862565
1183,8997.04416516
1184,9000.34851781
1185,9003.65168402
1186,9006.95366422
1187,9010.25445883
1188,9013.55406827
1189,9016.85249299
1190,9020.14973338
1191,9023.4457899
1192,9026.74066296
1193,9030.03435298
1194,9033.32686038
1195,9036.61818561
1196,9039.90832907
1197,9043.19729119
1198,9046.4850724
1199,9049.77167312
1200,9053.05709378
1201,9056.3413348
1202,9059.62439659
1203,9062.9062796
1204,9066.18698423
1205,9069.46651091
1206,9072.74486007
1207,9076.02203213
1208,9079.2980275
1209,9082.57284662
1210,9085.8464899
1211,9089.11895778
1212,9092.39025066
1213,9095.66036897
1214,9098.92931313
1215,9102.19708357
1216,9105.4636807
1217,9108.72910496
1218,9111.99335675
1219,9115.2564365
1220,9118.51834462
1221,9121.77908155
1222,9125.03864771
1223,9128.2970435
1224,9131.55426935
1225,9134.81032569
1226,9138.06521293
1227,9141.31893149
1228,9144.57148179
1229,9147.82286426
1230,9151.0730793
1231,9154.32212734
1232,9157.5700088
1233,9160.8167241
1234,9164.06227365
1235,9167.30665788
1236,9170.5498772
1237,9173.79193203
1238,9177.03282279
1239,9180.2725499
1240,9183.51111377
1241,9186.74851482
1242,9189.98475348
1243,9193.21983015
1244,9196.45374526
1245,9199.68649922
1246,9202.91809245
1247,9206.14852536
1248,9209.37779837
1249,9212.60591191
1250,9215.83286638
1251,9219.0586622
1252,9222.28329978
1253,9225.50677955
1254,9228.72910192
1255,9231.9502673
1256,9235.17027611
1257,9238.38912877
1258,9241.60682569
1259,9244.82336728
1260,9248.03875396
1261,9251.25298615
1262,9254.46606425
1263,9257.67798869
1264,9260.88875988
1265,9264.09837822
1266,9267.30684415
1267,9270.51415806
1268,9273.72032037
1269,9276.92533151
1270,9280.12919187
1271,9283.33190187
1272,9286.53346193
1273,9289.73387246
1274,9292.93313388
1275,9296.13124658
1276,9299.32821099
1277,9302.52402753
1278,9305.71869659
1279,9308.91221859
1280,9312.10459395
1281,9315.29582308
1282,9318.48590639
1283,9321.67484428
1284,9324.86263718
1285,9328.04928549
1286,9331.23478962
1287,9334.41914999
1288,9337.602367
1289,9340.78444106
1290,9343.9653726
1291,9347.145162
1292,9350.32380969
1293,9353.50131608
1294,9356.67768158
1295,9359.85290659
1296,9363.02699152
1297,9366.19993679
1298,9369.3717428
1299,9372.54240996
1300,9375.71193868
1301,9378.88032938
1302,9382.04758245
1303,9385.21369831
1304,9388.37867736
1305,9391.54252002
1306,9394.70522669
1307,9397.86679778
1308,9401.0272337
1309,9404.18653485
1310,9407.34470164
1311,9410.50173448
1312,9413.65763378
1313,9416.81239995
1314,9419.96603338
1315,9423.11853449
1316,9426.26990368
1317,9429.42014137
1318,9432.56924795
1319,9435.71722383
1320,9438.86406942
1321,9442.00978513
1322,9445.15437136
1323,9448.29782851
1324,9451.44015699
1325,9454.58135721
1326,9457.72142957
1327,9460.86037448
1328,9463.99819234
1329,9467.13488355
1330,9470.27044852
1331,9473.40488766
1332,9476.53820137
1333,9479.67039005
1334,9482.80145411
1335,9485.93139395
1336,9489.06020997
1337,9492.18790258
1338,9495.31447218
1339,9498.43991918
1340,9501.56424398
1341,9504.68744697
1342,9507.80952857
1343,9510.93048917
1344,9514.05032919
1345,9517.16904901
1346,9520.28664905
1347,9523.4031297
1348,9526.51849137
1349,9529.63273445
1350,9532.74585936
1351,9535.85786649
1352,9538.96875624
1353,9542.07852902
1354,9545.18718522
1355,9548.29472525
1356,9551.40114951
1357,9554.50645839
1358,9557.61065231
1359,9560.71373165
1360,9563.81569682
1361,9566.91654822
1362,9570.01628624
1363,9573.1149113
1364,9576.21242378
1365,9579.30882409
1366,9582.40411263
1367,9585.4982898
1368,9588.59135599
1369,9591.6833116
1370,9594.77415704
1371,9597.8638927
1372,9600.95251897
1373,9604.04003627
1374,9607.12644498
1375,9610.21174551
1376,9613.29593825
1377,9616.3790236
1378,9619.46100196
1379,9622.54187372
1380,9625.62163928
1381,9628.70029905
1382,9631.77785341
1383,9634.85430276
1384,9637.92964751
1385,9641.00388804
1386,9644.07702476
1387,9647.14905805
1388,9650.21998832
1389,9653.28981597
1390,9656.35854138
1391,9659.42616495
1392,9662.49268709
1393,9665.55810818
1394,9668.62242862
1395,9671.6856488
1396,9674.74776913
1397,9677.80878999
1398,9680.86871178
1399,9683.92753489
1400,9686.98525972
1401,9690.04188667
1402,9693.09741613
1403,9696.15184848
1404,9699.20518414
1405,9702.25742348
1406,9705.3085669
1407,9708.3586148
1408,9711.40756758
1409,9714.45542561
1410,9717.5021893
1411,9720.54785904
1412,9723.59243522
1413,9726.63591824
1414,9729.67830848
1415,9732.71960635
1416,9735.75981222
1417,9738.7989265
1418,9741.83694957
1419,9744.87388183
1420,9747.90972367
1421,9750.94447549
1422,9753.97813766
1423,9757.01071059
1424,9760.04219466
1425,9763.07259026
1426,9766.10189779
1427,9769.13011764
1428,9772.1572502
1429,9775.18329585
1430,9778.208255
1431,9781.23212802
1432,9784.2549153
1433,9787.27661725
1434,9790.29723425
1435,9793.31676668
1436,9796.33521493
1437,9799.35257941
1438,9802.36886049
1439,9805.38405856
1440,9808.39817401
1441,9811.41120724
1442,9814.42315863
1443,9817.43402856
1444,9820.44381744
1445,9823.45252563
1446,9826.46015354
1447,9829.46670156
1448,9832.47217006
1449,9835.47655943
1450,9838.47987007
1451,9841.48210236
1452,9844.48325669
1453,9847.48333345
1454,9850.48233302
1455,9853.48025578
1456,9856.47710213
1457,9859.47287246
1458,9862.46756714
1459,9865.46118657
1460,9868.45373113
1461,9871.4452012
1462,9874.43559718
1463,9877.42491944
1464,9880.41316838
1465,9883.40034438
1466,9886.38644782
1467,9889.37147909
1468,9892.35543858
1469,9895.33832666
1470,9898.32014373
1471,9901.30089017
1472,9904.28056636
1473,9907.25917269
1474,9910.23670954
1475,9913.21317729
1476,9916.18857633
1477,9919.16290705
1478,9922.13616982
1479,9925.10836503
1480,9928.07949307
1481,9931.04955431
1482,9934.01854914
1483,9936.98647794
1484,9939.9533411
1485,9942.919139
1486,9945.88387201
1487,9948.84754053
1488,9951.81014494
1489,9954.77168561
1490,9957.73216292
1491,9960.69157727
1492,9963.64992904
1493,9966.60721859
1494,9969.56344632
1495,9972.51861261
1496,9975.47271783
1497,9978.42576238
1498,9981.37774662
1499,9984.32867094
1500,9987.27853572
1501,9990.22734135
1502,9993.17508819
1503,9996.12177664
1504,9999.06740706
1505,10002.0119799
1506,10004.9554954
1507,10007.897954
1508,10010.8393562
1509,10013.7797022
1510,10016.7189925
1511,10019.6572274
1512,10022.5944074
1513,10025.5305327
1514,10028.4656038
1515,10031.3996211
1516,10034.3325849
1517,10037.2644956
1518,10040.1953536
1519,10043.1251593
1520,10046.053913
1521,10048.9816151
1522,10051.908266
1523,10054.8338661
1524,10057.7584158
1525,10060.6819153
1526,10063.6043652
1527,10066.5257658
1528,10069.4461174
1529,10072.3654205
1530,10075.2836754
1531,10078.2008825
1532,10081.1170421
1533,10084.0321547
1534,10086.9462206
1535,10089.8592402
1536,10092.7712139
1537,10095.682142
1538,10098.592025
1539,10101.5008631
1540,10104.4086568
1541,10107.3154064
1542,10110.2211124
1543,10113.1257751
1544,10116.0293948
1545,10118.931972
1546,10121.833507
1547,10124.7340002
1548,10127.633452
1549,10130.5318627
1550,10133.4292328
1551,10136.3255625
1552,10139.2208523
1553,10142.1151025
1554,10145.0083135
1555,10147.9004857
1556,10150.7916195
1557,10153.6817152
1558,10156.5707732
1559,10159.4587938
1560,10162.3457775
1561,10165.2317247
1562,10168.1166356
1563,10171.0005107
1564,10173.8833503
1565,10176.7651548
1566,10179.6459246
1567,10182.5256601
1568,10185.4043616
1569,10188.2820295
1570,10191.1586641
1571,10194.0342659
1572,10196.9088351
1573,10199.7823723
1574,10202.6548777
1575,10205.5263517
1576,10208.3967947
1577,10211.2662071
1578,10214.1345891
1579,10217.0019413
1580,10219.868264
1581,10222.7335575
1582,10225.5978222
1583,10228.4610584
1584,10231.3232667
1585,10234.1844472
1586,10237.0446004
1587,10239.9037267
1588,10242.7618264
1589,10245.6188998
1590,10248.4749475
1591,10251.3299696
1592,10254.1839667
1593,10257.036939
1594,10259.888887
1595,10262.7398109
1596,10265.5897112
1597,10268.4385883
1598,10271.2864424
1599,10274.133274
1600,10276.9790835
1601,10279.8238711
1602,10282.6676374
1603,10285.5103825
1604,10288.352107
1605,10291.1928111
1606,10294.0324953
1607,10296.8711599
1608,10299.7088052
1609,10302.5454317
1610,10305.3810396
1611,10308.2156295
1612,10311.0492015
1613,10313.8817562
1614,10316.7132938
1615,10319.5438148
1616,10322.3733194
1617,10325.2018081
1618,10328.0292812
1619,10330.8557391
1620,10333.6811822
1621,10336.5056108
1622,10339.3290252
1623,10342.1514259
1624,10344.9728132
1625,10347.7931875
1626,10350.6125491
1627,10353.4308984
1628,10356.2482358
1629,10359.0645616
1630,10361.8798762
1631,10364.6941799
1632,10367.5074732
1633,10370.3197563
1634,10373.1310297
1635,10375.9412936
1636,10378.7505486
1637,10381.5587948
1638,10384.3660328
1639,10387.1722628
1640,10389.9774852
1641,10392.7817004
1642,10395.5849087
1643,10398.3871106
1644,10401.1883062
1645,10403.9884962
1646,10406.7876806
1647,10409.5858601
1648,10412.3830348
1649,10415.1792052
1650,10417.9743717
1651,10420.7685345
1652,10423.561694
1653,10426.3538507
1654,10429.1450048
1655,10431.9351568
1656,10434.724307
1657,10437.5124556
1658,10440.2996032
1659,10443.0857501
1660,10445.8708966
1661,10448.6550431
1662,10451.4381899
1663,10454.2203374
1664,10457.001486
1665,10459.781636
1666,10462.5607878
1667,10465.3389417
1668,10468.1160981
1669,10470.8922573
1670,10473.6674198
1671,10476.4415858
1672,10479.2147558
1673,10481.9869301
1674,10484.7581089
1675,10487.5282928
1676,10490.2974821
1677,10493.065677
1678,10495.8328781
1679,10498.5990855
1680,10501.3642998
1681,10504.1285211
1682,10506.89175
1683,10509.6539867
1684,10512.4152317
1685,10515.1754852
1686,10517.9347476
1687,10520.6930193
1688,10523.4503006
1689,10526.206592
1690,10528.9618936
1691,10531.716206
1692,10534.4695294
1693,10537.2218643
1694,10539.9732109
1695,10542.7235696
1696,10545.4729408
1697,10548.2213248
1698,10550.968722
1699,10553.7151327
1700,10556.4605574
1701,10559.2049962
1702,10561.9484497
1703,10564.6909182
1704,10567.4324019
1705,10570.1729013
1706,10572.9124167
1707,10575.6509485
1708,10578.388497
1709,10581.1250626
1710,10583.8606456
1711,10586.5952464
1712,10589.3288653
1713,10592.0615027
1714,10594.7931589
1715,10597.5238344
1716,10600.2535293
1717,10602.9822442
1718,10605.7099793
1719,10608.436735
1720,10611.1625117
1721,10613.8873096
1722,10616.6111292
1723,10619.3339708
1724,10622.0558348
1725,10624.7767215
1726,10627.4966312
1727,10630.2155643
1728,10632.9335212
1729,10635.6505022
1730,10638.3665077
1731,10641.081538
1732,10643.7955934
1733,10646.5086743
1734,10649.2207811
1735,10651.9319141
1736,10654.6420737
1737,10657.3512602
1738,10660.0594739
1739,10662.7667152
1740,10665.4729845
1741,10668.1782821
1742,10670.8826084
1743,10673.5859636
1744,10676.2883482
1745,10678.9897625
1746,10681.6902069
1747,10684.3896816
1748,10687.0881871
1749,10689.7857237
1750,10692.4822917
1751,10695.1778915
1752,10697.8725235
1753,10700.5661879
1754,10703.2588852
1755,10705.9506156
1756,10708.6413796
1757,10711.3311774
1758,10714.0200095
1759,10716.7078761
1760,10719.3947776
1761,10722.0807144
1762,10724.7656868
1763,10727.4496952
1764,10730.1327398
1765,10732.8148211
1766,10735.4959394
1767,10738.176095
1768,10740.8552883
1769,10743.5335196
1770,10746.2107893
1771,10748.8870977
1772,10751.5624452
1773,10754.2368321
1774,10756.9102587
1775,10759.5827254
1776,10762.2542326
1777,10764.9247806
1778,10767.5943697
1779,10770.2630002
1780,10772.9306726
1781,10775.5973872
1782,10778.2631442
1783,10780.9279441
1784,10783.5917872
1785,10786.2546739
1786,10788.9166044
1787,10791.5775791
1788,10794.2375984
1789,10796.8966627
1790,10799.5547721
1791,10802.2119272
1792,10804.8681282
1793,10807.5233755
1794,10810.1776694
1795,10812.8310103
1796,10815.4833985
1797,10818.1348344
1798,10820.7853182
1799,10823.4348504
1800,10826.0834312
1801,10828.7310611
1802,10831.3777403
1803,10834.0234692
1804,10836.6682482
1805,10839.3120776
1806,10841.9549576
1807,10844.5968888
1808,10847.2378713
1809,10849.8779056
1810,10852.516992
1811,10855.1551308
1812,10857.7923224
1813,10860.4285671
1814,10863.0638652
1815,10865.6982171
1816,10868.3316232
1817,10870.9640837
1818,10873.595599
1819,10876.2261695
1820,10878.8557954
1821,10881.4844772
1822,10884.1122151
1823,10886.7390095
1824,10889.3648608
1825,10891.9897693
1826,10894.6137353
1827,10897.2367591
1828,10899.8588411
1829,10902.4799817
1830,10905.1001811
1831,10907.7194397
1832,10910.3377579
1833,10912.955136
1834,10915.5715743
1835,10918.1870731
1836,10920.8016328
1837,10923.4152538
1838,10926.0279364
1839,10928.6396808
1840,10931.2504875
1841,10933.8603568
1842,10936.469289
1843,10939.0772844
1844,10941.6843435
1845,10944.2904664
1846,10946.8956537
1847,10949.4999055
1848,10952.1032223
1849,10954.7056043
1850,10957.3070519
1851,10959.9075655
1852,10962.5071454
1853,10965.1057918
1854,10967.7035052
1855,10970.3002859
1856,10972.8961343
1857,10975.4910505
1858,10978.0850351
1859,10980.6780883
1860,10983.2702104
1861,10985.8614018
1862,10988.4516628
1863,10991.0409938
1864,10993.6293951
1865,10996.2168671
1866,10998.8034099
1867,11001.3890241
1868,11003.9737099
1869,11006.5574677
1870,11009.1402977
1871,11011.7222004
1872,11014.303176
1873,11016.883225
1874,11019.4623475
1875,11022.040544
1876,11024.6178148
1877,11027.1941602
1878,11029.7695806
1879,11032.3440763
1880,11034.9176476
1881,11037.4902948
1882,11040.0620183
1883,11042.6328184
1884,11045.2026955
1885,11047.7716498
1886,11050.3396818
1887,11052.9067917
1888,11055.4729799
1889,11058.0382466
1890,11060.6025923
1891,11063.1660173
1892,11065.7285219
1893,11068.2901063
1894,11070.8507711
1895,11073.4105164
1896,11075.9693426
1897,11078.5272501
1898,11081.0842392
1899,11083.6403101
1900,11086.1954633
1901,11088.7496991
1902,11091.3030177
1903,11093.8554196
1904,11096.406905
1905,11098.9574743
1906,11101.5071278
1907,11104.0558659
1908,11106.6036888
1909,11109.1505969
1910,11111.6965906
1911,11114.2416701
1912,11116.7858357
1913,11119.3290879
1914,11121.8714269
1915,11124.4128531
1916,11126.9533668
1917,11129.4929683
1918,11132.0316579
1919,11134.569436
1920,11137.1063029
1921,11139.642259
1922,11142.1773045
1923,11144.7114398
1924,11147.2446652
1925,11149.776981
1926,11152.3083876
1927,11154.8388853
1928,11157.3684744
1929,11159.8971552
1930,11162.4249281
1931,11164.9517934
1932,11167.4777515
1933,11170.0028025
1934,11172.526947
1935,11175.0501851
1936,11177.5725173
1937,11180.0939438
1938,11182.614465
1939,11185.1340812
1940,11187.6527927
1941,11190.1705999
1942,11192.687503
1943,11195.2035024
1944,11197.7185985
1945,11200.2327915
1946,11202.7460817
1947,11205.2584696
1948,11207.7699554
1949,11210.2805394
1950,11212.790222
1951,11215.2990034
1952,11217.8068841
1953,11220.3138644
1954,11222.8199444
1955,11225.3251247
1956,11227.8294055
1957,11230.3327871
1958,11232.8352699
1959,11235.3368541
1960,11237.8375401
1961,11240.3373283
1962,11242.8362189
1963,11245.3342122
1964,11247.8313087
1965,11250.3275085
1966,11252.8228121
1967,11255.3172198
1968,11257.8107318
1969,11260.3033485
1970,11262.7950702
1971,11265.2858973
1972,11267.77583
1973,11270.2648687
1974,11272.7530137
1975,11275.2402654
1976,11277.7266239
1977,11280.2120898
1978,11282.6966632
1979,11285.1803445
1980,11287.6631341
1981,11290.1450322
1982,11292.6260392
1983,11295.1061553
1984,11297.585381
1985,11300.0637165
1986,11302.5411621
1987,11305.0177182
1988,11307.4933851
1989,11309.9681631
1990,11312.4420525
1991,11314.9150536
1992,11317.3871668
1993,11319.8583924
1994,11322.3287307
1995,11324.798182
1996,11327.2667466
1997,11329.7344249
1998,11332.2012172
1999,11334.6671237
2000,11337.1321449
