0,0.0
1,0.0102272
2,0.03058546432
3,0.0609762537452
4,0.101298679205
5,0.151449555732
6,0.211323456659
7,0.280812768071
8,0.359807743443
9,0.448196558497
10,0.545865366222
11,0.652698352039
12,0.768577789125
13,0.893384093823
14,1.02699588118
15,1.16929002056
16,1.32014169125
17,1.47942443825
18,1.64701022793
19,1.82276950379
20,2.00657124217
21,2.19828300794
22,2.39777101014
23,2.60490015756
24,2.81953411418
25,3.04153535464
26,3.2707652194
27,3.50708396999
28,3.75035084388
29,4.00042410939
30,4.25716112025
31,4.52041837007
32,4.79005154651
33,5.06591558532
34,5.34786472405
35,5.63575255547
36,5.92943208088
37,6.2287557629
38,6.53357557815
39,6.84374306946
40,7.15910939788
41,7.47952539425
42,7.80484161041
43,8.13490837009
44,8.46957581938
45,8.80869397678
46,9.1521127829
47,9.49968214963
48,9.851252009
49,10.2066723615
50,10.5657933239
51,10.9284651767
52,11.2945384114
53,11.6638637761
54,12.0362923223
55,12.4116754499
56,12.7898649521
57,13.1707130598
58,13.5540724856
59,13.9397964665
60,14.3277388075
61,14.7177539226
62,15.1096968775
63,15.5034234297
64,15.8987900691
65,16.2956540581
66,16.6938734702
67,17.0933072291
68,17.4938151459
69,17.8952579572
70,18.2974973611
71,18.7003960535
72,19.1038177632
73,19.507627287
74,19.9116905233
75,20.3158745058
76,20.7200474357
77,21.1240787146
78,21.5278389748
79,21.9312001107
80,22.3340353085
81,22.7362190756
82,23.1376272689
83,23.5381371231
84,23.9376272776
85,24.3359778031
86,24.7330702274
87,25.1287875603
88,25.5230143186
89,25.9156365487
90,26.3065418506
91,26.6956193997
92,27.0827599681
93,27.4678559459
94,27.8508013612
95,28.2314918991
96,28.6098249208
97,28.9856994818
98,29.3590163483
99,29.7296780147
100,30.0975887189
101,30.4626544575
102,30.8247830006
103,31.1838839049
104,31.5398685274
105,31.8926500371
106,32.2421434272
107,32.5882655256
108,32.9309350054
109,33.2700723944
110,33.6056000836
111,33.9374423362
112,34.2655252944
113,34.5897769862
114,34.9101273322
115,35.2265081503
116,35.5388531613
117,35.8470979923
118,36.1511801808
119,36.4510391772
120,36.7466163473
121,37.0378549737
122,37.3247002567
123,37.6070993148
124,37.885001184
125,38.1583568176
126,38.4271190838
127,38.6912427643
128,38.9506845509
129,39.2054030428
130,39.4553587422
131,39.7005140501
132,39.9408332608
133,40.176282557
134,40.4068300028
135,40.6324455373
136,40.8531009676
137,41.0687699605
138,41.2794280341
139,41.4850525494
140,41.6856227005
141,41.8811195048
142,42.0715257925
143,42.2568261961
144,42.4370071382
145,42.6120568206
146,42.7819652113
147,42.9467240318
148,43.1063267441
149,43.260768537
150,43.4100463118
151,43.5541586677
152,43.6931058872
153,43.8268899203
154,43.9555143691
155,44.0789844713
156,44.1973070841
157,44.3104906668
158,44.4185452638
159,44.521482487
160,44.6193154977
161,44.7120589881
162,44.7997291633
163,44.8823437214
164,44.9599218351
165,45.0324841315
166,45.1000526725
167,45.1626509347
168,45.2203037888
169,45.273037479
170,45.320879602
171,45.3638590859
172,45.4020061684
173,45.4353523758
174,45.4639305006
175,45.4877745793
176,45.5069198706
177,45.5214028325
178,45.5312610999
179,45.5365334615
180,45.5372598369
181,45.5334812533
182,45.5252398226
183,45.5125787173
184,45.4955421476
185,45.4741753369
186,45.4485244989
187,45.4186368127
188,45.3845603996
189,45.3463442986
190,45.304038442
191,45.2576936318
192,45.2073615147
193,45.153094558
194,45.0949460254
195,45.0329699523
196,44.9672211211
197,44.8977550373
198,44.8246279046
199,44.7478966002
200,44.6676186509
201,44.583852208
202,44.4966560232
203,44.4060894238
204,44.3122122889
205,44.2150850242
206,44.1147685386
207,44.0113242189
208,43.9048139067
209,43.7952998735
210,43.682844797
211,43.5675117368
212,43.4493641111
213,43.3284656726
214,43.2048804847
215,43.0786728984
216,42.9499075283
217,42.81864923
218,42.6849630762
219,42.5489143344
220,42.4105684436
221,42.2699909915
222,42.1272476923
223,41.982404364
224,41.8355269064
225,41.6866812789
226,41.5359334786
227,41.3833495188
228,41.2289954072
229,41.072937125
230,40.9152406055
231,40.7559717133
232,40.5951962237
233,40.4329798021
234,40.2693879839
235,40.1044861543
236,39.9383395289
237,39.7710131337
238,39.602571786
239,39.4330800753
240,39.2626023446
241,39.0912026718
242,38.9189448512
243,38.7458923755
244,38.5721084182
245,38.3976558159
246,38.222597051
247,38.046994235
248,37.8709090914
249,37.6944029394
250,37.5175366779
251,37.3403707694
252,37.1629652245
253,36.9853795867
254,36.8076729171
255,36.6299037801
256,36.4521302286
257,36.27440979
258,36.0967994523
259,35.9193556508
260,35.7421342546
261,35.5651905538
262,35.3885792469
263,35.2123544284
264,35.0365695767
265,34.8612775427
266,34.6865305382
267,34.5123801248
268,34.3388772031
269,34.1660720025
270,33.9940140706
271,33.822752264
272,33.6523347381
273,33.4828089382
274,33.3142215907
275,33.1466186945
276,32.9800455123
277,32.8145465634
278,32.6501656154
279,32.4869456772
280,32.3249289917
281,32.1641570294
282,32.004670482
283,31.8465092561
284,31.6897124673
285,31.5343184353
286,31.3803646781
287,31.2278879076
288,31.0769240246
289,30.9275081151
290,30.779674446
291,30.6334564613
292,30.4888867792
293,30.3459971888
294,30.2048186472
295,30.0653812775
296,29.927714366
297,29.7918463609
298,29.6578048703
299,29.5256166612
300,29.3953076583
301,29.2669029432
302,29.1404267543
303,29.015902486
304,28.8933526895
305,28.7727990726
306,28.6542625008
307,28.5377629975
308,28.4233197461
309,28.3109510907
310,28.2006745381
311,28.0925067595
312,27.9864635932
313,27.8825600463
314,27.7808102981
315,27.6812277025
316,27.5838247916
317,27.4886132788
318,27.3956040624
319,27.3048072298
320,27.2162320613
321,27.1298870347
322,27.0457798296
323,26.9639173321
324,26.88430564
325,26.806950068
326,26.731855153
327,26.6590246595
328,26.5884615857
329,26.5201681694
330,26.454145894
331,26.3903954951
332,26.328916967
333,26.2697095693
334,26.212771834
335,26.1581015723
336,26.1056958822
337,26.0555511556
338,26.0076630862
339,25.9620266768
340,25.9186362476
341,25.8774854441
342,25.838567245
343,25.801873971
344,25.767397293
345,25.7351282405
346,25.7050572108
347,25.6771739774
348,25.6514676992
349,25.6279269296
350,25.6065396255
351,25.5872931568
352,25.5701743158
353,25.5551693265
354,25.5422638546
355,25.5314430168
356,25.5226913909
357,25.5159930254
358,25.5113314497
359,25.5086896841
360,25.5080502498
361,25.5093951791
362,25.5127060259
363,25.5179638756
364,25.5251493557
365,25.5342426462
366,25.5452234901
367,25.5580712039
368,25.5727646882
369,25.5892824379
370,25.6076025536
371,25.6277027516
372,25.6495603748
373,25.6731524037
374,25.6984554665
375,25.7254458506
376,25.7540995127
377,25.78439209
378,25.816298911
379,25.8497950058
380,25.8848551175
381,25.9214537126
382,25.9595649917
383,25.9991629006
384,26.0402211408
385,26.0827131802
386,26.126612264
387,26.1718914251
388,26.218523495
389,26.2664811142
390,26.315736743
391,26.3662626718
392,26.4180310318
393,26.4710138054
394,26.5251828366
395,26.5805098412
396,26.6369664176
397,26.6945240563
398,26.7531541509
399,26.8128280075
400,26.8735168554
401,26.9351918567
402,26.9978241164
403,27.061384692
404,27.1258446039
405,27.1911748444
406,27.2573463878
407,27.3243301997
408,27.3920972466
409,27.4606185053
410,27.5298649722
411,27.5998076722
412,27.6704176683
413,27.7416660702
414,27.8135240434
415,27.8859628182
416,27.958953698
417,28.0324680682
418,28.1064774047
419,28.180953282
420,28.255867382
421,28.331191502
422,28.4068975623
423,28.482957615
424,28.559343851
425,28.6360286085
426,28.7129843801
427,28.7901838202
428,28.8675997531
429,28.9452051792
430,29.0229732831
431,29.1008774401
432,29.1788912231
433,29.2569884093
434,29.3351429872
435,29.4133291627
436,29.4915213657
437,29.569694256
438,29.6478227299
439,29.7258819259
440,29.8038472304
441,29.8816942837
442,29.9593989854
443,30.0369374999
444,30.1142862616
445,30.1914219804
446,30.2683216462
447,30.3449625343
448,30.4213222098
449,30.4973785324
450,30.5731096609
451,30.6484940575
452,30.7235104921
453,30.798138046
454,30.8723561165
455,30.94614442
456,31.0194829961
457,31.0923522112
458,31.1647327613
459,31.236605676
460,31.3079523209
461,31.3787544013
462,31.4489939643
463,31.5186534021
464,31.5877154543
465,31.6561632101
466,31.7239801111
467,31.7911499531
468,31.8576568883
469,31.923485427
470,31.9886204394
471,32.0530471576
472,32.1167511764
473,32.1797184554
474,32.2419353197
475,32.3033884612
476,32.3640649396
477,32.4239521831
478,32.4830379894
479,32.541310526
480,32.5987583309
481,32.6553703126
482,32.7111357508
483,32.7660442962
484,32.8200859705
485,32.8732511662
486,32.9255306465
487,32.9769155451
488,33.027397365
489,33.0769679788
490,33.1256196272
491,33.1733449186
492,33.2201368282
493,33.2659886966
494,33.3108942289
495,33.3548474934
496,33.3978429201
497,33.4398752993
498,33.4809397801
499,33.5210318685
500,33.5601474259
501,33.5982826669
502,33.6354341575
503,33.671598813
504,33.7067738959
505,33.7409570135
506,33.7741461154
507,33.8063394915
508,33.8375357692
509,33.8677339106
510,33.8969332102
511,33.9251332918
512,33.9523341057
513,33.978535926
514,34.003739347
515,34.0279452808
516,34.0511549537
517,34.0733699028
518,34.0945919732
519,34.1148233143
520,34.1340663761
521,34.1523239063
522,34.1695989462
523,34.185894827
524,34.2012151667
525,34.2155638657
526,34.2289451031
527,34.2413633331
528,34.2528232809
529,34.2633299386
530,34.2728885612
531,34.2815046627
532,34.2891840117
533,34.2959326276
534,34.301756776
535,34.3066629644
536,34.3106579383
537,34.3137486767
538,34.3159423874
539,34.317246503
540,34.3176686765
541,34.3172167762
542,34.315898882
543,34.3137232803
544,34.3106984599
545,34.3068331067
546,34.3021361001
547,34.2966165075
548,34.2902835802
549,34.2831467482
550,34.2752156164
551,34.2664999588
552,34.2570097149
553,34.2467549841
554,34.2357460215
555,34.2239932331
556,34.2115071707
557,34.1982985277
558,34.184378134
559,34.1697569514
560,34.1544460689
561,34.1384566976
562,34.1218001667
563,34.1044879178
564,34.086531501
565,34.0679425699
566,34.0487328767
567,34.0289142678
568,34.0084986788
569,33.9874981302
570,33.9659247226
571,33.9437906318
572,33.9211081044
573,33.8978894535
574,33.8741470535
575,33.8498933359
576,33.8251407849
577,33.7999019324
578,33.7741893541
579,33.7480156645
580,33.7213935129
581,33.6943355787
582,33.6668545672
583,33.6389632051
584,33.6106742364
585,33.5820004179
586,33.5529545151
587,33.523549298
588,33.4937975369
589,33.463711998
590,33.43330544
591,33.4025906092
592,33.371580236
593,33.3402870311
594,33.3087236809
595,33.2769028442
596,33.2448371481
597,33.2125391845
598,33.1800215057
599,33.1472966214
600,33.1143769948
601,33.0812750388
602,33.0480031126
603,33.0145735183
604,32.9809984972
605,32.9472902266
606,32.9134608164
607,32.8795223055
608,32.8454866593
609,32.8113657654
610,32.7771714315
611,32.7429153818
612,32.7086092539
613,32.6742645961
614,32.6398928643
615,32.6055054191
616,32.5711135231
617,32.5367283383
618,32.502360923
619,32.4680222294
620,32.433723101
621,32.3994742702
622,32.3652863557
623,32.3311698599
624,32.2971351672
625,32.2631925408
626,32.2293521213
627,32.1956239241
628,32.1620178374
629,32.1285436203
630,32.0952109005
631,32.0620291726
632,32.0290077961
633,31.996155994
634,31.9634828505
635,31.9309973096
636,31.8987081734
637,31.8666241009
638,31.8347536057
639,31.8031050555
640,31.77168667
641,31.7405065201
642,31.7095725262
643,31.6788924573
644,31.6484739297
645,31.6183244061
646,31.5884511944
647,31.5588614469
648,31.5295621591
649,31.5005601694
650,31.4718621578
651,31.4434746454
652,31.4154039936
653,31.3876564038
654,31.3602379165
655,31.3331544109
656,31.3064116047
657,31.2800150535
658,31.2539701502
659,31.2282821255
660,31.2029560468
661,31.1779968188
662,31.1534091829
663,31.1291977171
664,31.1053668366
665,31.0819207932
666,31.0588636757
667,31.0361994101
668,31.0139317595
669,30.992064325
670,30.9706005451
671,30.949543697
672,30.9288968962
673,30.9086630977
674,30.8888450957
675,30.869445525
676,30.8504668608
677,30.83191142
678,30.8137813614
679,30.7960786869
680,30.7788052418
681,30.7619627159
682,30.7455526444
683,30.7295764087
684,30.7140352372
685,30.6989302067
686,30.684262243
687,30.6700321224
688,30.6562404722
689,30.6428877726
690,30.6299743573
691,30.6175004149
692,30.6054659902
693,30.5938709856
694,30.582715162
695,30.5719981407
696,30.5617194045
697,30.5518782991
698,30.5424740346
699,30.5335056871
700,30.5249722001
701,30.516872386
702,30.5092049278
703,30.5019683806
704,30.4951611733
705,30.4887816102
706,30.4828278728
707,30.4772980213
708,30.4721899963
709,30.4675016211
710,30.4632306026
711,30.4593745338
712,30.4559308953
713,30.4528970572
714,30.450270281
715,30.4480477214
716,30.4462264281
717,30.4448033481
718,30.4437753269
719,30.4431391113
720,30.4428913507
721,30.4430285994
722,30.4435473184
723,30.4444438776
724,30.4457145574
725,30.4473555512
726,30.4493629672
727,30.4517328303
728,30.4544610844
729,30.4575435943
730,30.4609761476
731,30.4647544573
732,30.4688741632
733,30.4733308343
734,30.478119971
735,30.4832370069
736,30.4886773111
737,30.4944361902
738,30.5005088902
739,30.5068905991
740,30.5135764484
741,30.5205615154
742,30.5278408255
743,30.5354093541
744,30.5432620285
745,30.5513937303
746,30.5597992972
747,30.5684735255
748,30.5774111714
749,30.586606954
750,30.5960555564
751,30.6057516285
752,30.6156897887
753,30.6258646258
754,30.6362707014
755,30.6469025516
756,30.6577546889
757,30.6688216047
758,30.6800977707
759,30.6915776413
760,30.7032556551
761,30.7151262373
762,30.7271838015
763,30.7394227514
764,30.7518374828
765,30.7644223856
766,30.7771718457
767,30.7900802465
768,30.8031419711
769,30.8163514042
770,30.8297029333
771,30.8431909513
772,30.8568098575
773,30.87055406
774,30.8844179769
775,30.8983960385
776,30.9124826885
777,30.9266723861
778,30.9409596073
779,30.9553388469
780,30.9698046198
781,30.9843514627
782,30.9989739356
783,31.0136666237
784,31.0284241382
785,31.0432411188
786,31.058112234
787,31.0730321837
788,31.0879957
789,31.1029975484
790,31.11803253
791,31.133095482
792,31.1481812796
793,31.163284837
794,31.1784011091
795,31.1935250922
796,31.2086518255
797,31.2237763925
798,31.2388939221
799,31.2539995893
800,31.2690886173
801,31.2841562775
802,31.2991978914
803,31.3142088315
804,31.3291845218
805,31.3441204397
806,31.3590121163
807,31.3738551375
808,31.3886451451
809,31.4033778376
810,31.4180489711
811,31.43265436
812,31.4471898781
813,31.4616514592
814,31.4760350978
815,31.4903368501
816,31.5045528346
817,31.5186792326
818,31.5327122892
819,31.5466483137
820,31.5604836803
821,31.5742148286
822,31.5878382642
823,31.6013505594
824,31.6147483535
825,31.6280283531
826,31.641187333
827,31.6542221366
828,31.6671296756
829,31.6799069314
830,31.6925509546
831,31.7050588657
832,31.7174278555
833,31.7296551851
834,31.7417381863
835,31.7536742617
836,31.7654608852
837,31.7770956018
838,31.7885760278
839,31.7998998514
840,31.8110648321
841,31.8220688011
842,31.8329096615
843,31.8435853881
844,31.8540940276
845,31.8644336983
846,31.8746025903
847,31.8845989654
848,31.8944211567
849,31.9040675692
850,31.9135366788
851,31.9228270329
852,31.9319372496
853,31.940866018
854,31.9496120977
855,31.9581743187
856,31.9665515809
857,31.9747428542
858,31.9827471779
859,31.9905636604
860,31.9981914791
861,32.0056298798
862,32.0128781764
863,32.0199357504
864,32.0268020507
865,32.0334765931
866,32.0399589598
867,32.0462487987
868,32.0523458234
869,32.0582498125
870,32.0639606088
871,32.0694781191
872,32.0748023136
873,32.0799332253
874,32.0848709493
875,32.0896156423
876,32.0941675222
877,32.098526867
878,32.1026940147
879,32.1066693622
880,32.1104533648
881,32.1140465357
882,32.117449445
883,32.1206627193
884,32.1236870408
885,32.1265231464
886,32.1291718274
887,32.1316339286
888,32.1339103472
889,32.1360020325
890,32.1379099848
891,32.1396352548
892,32.1411789428
893,32.1425421977
894,32.1437262165
895,32.144732243
896,32.1455615675
897,32.1462155257
898,32.1466954979
899,32.1470029081
900,32.1471392231
901,32.1471059518
902,32.1469046443
903,32.1465368908
904,32.1460043211
905,32.1453086033
906,32.1444514432
907,32.1434345834
908,32.1422598023
909,32.1409289131
910,32.1394437631
911,32.1378062328
912,32.1360182348
913,32.134081713
914,32.1319986418
915,32.1297710249
916,32.1274008947
917,32.1248903111
918,32.1222413608
919,32.1194561564
920,32.1165368353
921,32.1134855588
922,32.1103045112
923,32.1069958993
924,32.1035619507
925,32.1000049135
926,32.0963270552
927,32.0925306618
928,32.0886180368
929,32.0845915005
930,32.0804533889
931,32.0762060528
932,32.0718518572
933,32.0673931799
934,32.0628324112
935,32.0581719525
936,32.0534142157
937,32.0485616224
938,32.0436166027
939,32.0385815946
940,32.0334590431
941,32.0282513993
942,32.0229611195
943,32.0175906647
944,32.012142499
945,32.0066190898
946,32.0010229061
947,31.995356418
948,31.9896220961
949,31.9838224105
950,31.9779598299
951,31.9720368209
952,31.9660558475
953,31.9600193697
954,31.9539298435
955,31.9477897196
956,31.9416014427
957,31.935367451
958,31.9290901755
959,31.9227720388
960,31.916415455
961,31.9100228286
962,31.903596554
963,31.8971390146
964,31.8906525824
965,31.8841396173
966,31.8776024662
967,31.8710434625
968,31.8644649257
969,31.8578691603
970,31.8512584556
971,31.8446350849
972,31.8380013051
973,31.8313593557
974,31.8247114589
975,31.8180598183
976,31.8114066189
977,31.8047540262
978,31.7981041862
979,31.7914592241
980,31.7848212445
981,31.7781923306
982,31.7715745437
983,31.7649699228
984,31.7583804842
985,31.7518082209
986,31.7452551024
987,31.738723074
988,31.7322140565
989,31.725729946
990,31.7192726131
991,31.7128439029
992,31.7064456345
993,31.7000796007
994,31.6937475675
995,31.6874512738
996,31.6811924313
997,31.6749727241
998,31.6687938083
999,31.6626573116
1000,31.6565648334
1001,33.9625179444
1002,36.2685181862
1003,38.5738194304
1004,40.8776825471
1005,43.1793755803
1006,45.4781739192
1007,47.7733604663
1008,50.0642258009
1009,52.3500683386
1010,54.6301944875
1011,56.9039187997
1012,59.1705641188
1013,61.4294617241
1014,63.6799514698
1015,65.9213819212
1016,68.1531104858
1017,70.3745035408
1018,72.5849365572
1019,74.7837942186
1020,76.9704705366
1021,79.1443689626
1022,81.3049024945
1023,83.4514937799
1024,85.5835752158
1025,87.7005890428
1026,89.8019874368
1027,91.8872325956
1028,93.955796822
1029,96.0071626027
1030,98.0408226833
1031,100.056280139
1032,102.053048441
1033,104.030651522
1034,105.988623832
1035,107.926510394
1036,109.843866857
1037,111.740259542
1038,113.615265485
1039,115.468472477
1040,117.299479101
1041,119.107894761
1042,120.893339711
1043,122.655445083
1044,124.393852902
1045,126.108216105
1046,127.798198556
1047,129.463475054
1048,131.103731339
1049,132.718664092
1050,134.307980939
1051,135.871400443
1052,137.408652095
1053,138.919476302
1054,140.403624377
1055,141.860858513
1056,143.290951767
1057,144.69368803
1058,146.068862005
1059,147.416279168
1060,148.735755737
1061,150.027118634
1062,151.290205444
1063,152.524864368
1064,153.73095418
1065,154.908344172
1066,156.056914104
1067,157.176554149
1068,158.267164828
1069,159.328656956
1070,160.360951571
1071,161.363979873
1072,162.337683145
1073,163.282012692
1074,164.196929754
1075,165.082405439
1076,165.938420634
1077,166.764965929
1078,167.562041527
1079,168.329657161
1080,169.067832
1081,169.77659456
1082,170.455982612
1083,171.106043079
1084,171.726831946
1085,172.318414151
1086,172.880863491
1087,173.414262512
1088,173.918702406
1089,174.394282901
1090,174.841112154
1091,175.259306634
1092,175.648991017
1093,176.010298063
1094,176.343368506
1095,176.648350933
1096,176.925401665
1097,177.174684636
1098,177.396371272
1099,177.590640368
1100,177.757677959
1101,177.897677202
1102,178.01083824
1103,178.097368082
1104,178.157480465
1105,178.191395734
1106,178.199340703
1107,178.181548524
1108,178.138258559
1109,178.069716239
1110,177.976172935
1111,177.857885822
1112,177.715117741
1113,177.548137064
1114,177.357217557
1115,177.142638242
1116,176.90468326
1117,176.643641731
1118,176.359807617
1119,176.053479583
1120,175.724960856
1121,175.374559087
1122,175.002586212
1123,174.609358309
1124,174.195195461
1125,173.760421618
1126,173.305364452
1127,172.83035522
1128,172.335728627
1129,171.82182268
1130,171.288978555
1131,170.737540455
1132,170.167855471
1133,169.580273444
1134,168.975146828
1135,168.352830551
1136,167.713681878
1137,167.058060275
1138,166.38632727
1139,165.698846322
1140,164.995982683
1141,164.278103263
1142,163.545576499
1143,162.79877222
1144,162.038061513
1145,161.263816596
1146,160.476410686
1147,159.676217866
1148,158.86361296
1149,158.038971402
1150,157.202669113
1151,156.355082372
1152,155.49658769
1153,154.627561689
1154,153.748380979
1155,152.859422035
1156,151.961061076
1157,151.053673947
1158,150.137636001
1159,149.213321981
1160,148.281105905
1161,147.341360951
1162,146.394459345
1163,145.440772249
1164,144.48066965
1165,143.514520252
1166,142.542691365
1167,141.565548806
1168,140.583456786
1169,139.596777813
1170,138.605872588
1171,137.611099904
1172,136.612816548
1173,135.611377203
1174,134.607134355
1175,133.600438197
1176,132.591636535
1177,131.5810747
1178,130.569095459
1179,129.556038924
1180,128.54224247
1181,127.528040648
1182,126.513765104
1183,125.499744498
1184,124.486304423
1185,123.47376733
1186,122.462452452
1187,121.452675728
1188,120.444749731
1189,119.438983602
1190,118.435682973
1191,117.435149909
1192,116.437682835
1193,115.443576477
1194,114.4531218
1195,113.466605946
1196,112.484312177
1197,111.506519819
1198,110.533504207
1199,109.565536633
1200,108.602884292
1201,107.645810238
1202,106.694573331
1203,105.749428194
1204,104.810625171
1205,103.87841028
1206,102.953025178
1207,102.03470712
1208,101.123688919
1209,100.220198918
1210,99.3244609517
1211,98.4366943154
1212,97.5571137372
1213,96.6859293489
1214,95.8233466597
1215,94.9695665321
1216,94.1247851588
1217,93.2891940418
1218,92.462979973
1219,91.6463250166
1220,90.8394064931
1221,90.0423969651
1222,89.2554642243
1223,88.4787712813
1224,87.7124763554
1225,86.9567328676
1226,86.2116894343
1227,85.4774898628
1228,84.7542731483
1229,84.0421734732
1230,83.3413202067
1231,82.6518379071
1232,81.973846325
1233,81.3074604084
1234,80.6527903088
1235,80.0099413894
1236,79.3790142344
1237,78.76010466
1238,78.1533037262
1239,77.558697751
1240,76.9763683256
1241,76.4063923305
1242,75.8488419536
1243,75.3037847095
1244,74.7712834601
1245,74.2513964364
1246,73.7441772617
1247,73.2496749761
1248,72.7679340625
1249,72.2989944731
1250,71.8428916578
1251,71.399656594
1252,70.9693158166
1253,70.5518914499
1254,70.1474012407
1255,69.7558585921
1256,69.3772725988
1257,69.0116480827
1258,68.6589856309
1259,68.3192816335
1260,67.9925283229
1261,67.678713814
1262,67.3778221456
1263,67.0898333225
1264,66.8147233585
1265,66.5524643204
1266,66.3030243729
1267,66.0663678243
1268,65.842455173
1269,65.6312431551
1270,65.432684792
1271,65.2467294399
1272,65.0733228391
1273,64.9124071645
1274,64.7639210765
1275,64.627799773
1276,64.5039750415
1277,64.3923753124
1278,64.2929257123
1279,64.2055481185
1280,64.1301612135
1281,64.0666805404
1282,64.015018559
1283,63.9750847014
1284,63.9467854295
1285,63.9300242917
1286,63.9247019808
1287,63.9307163919
1288,63.947962681
1289,63.9763333235
1290,64.0157181735
1291,64.0660045231
1292,64.1270771621
1293,64.1988184382
1294,64.2811083168
1295,64.3738244419
1296,64.4768421963
1297,64.5900347626
1298,64.7132731845
1299,64.8464264273
1300,64.9893614397
1301,65.1419432146
1302,65.3040348511
1303,65.4754976154
1304,65.6561910028
1305,65.8459727988
1306,66.0446991407
1307,66.2522245795
1308,66.4684021406
1309,66.6930833858
1310,66.9261184741
1311,67.1673562235
1312,67.4166441715
1313,67.673828636
1314,67.9387547767
1315,68.211266655
1316,68.4912072948
1317,68.7784187424
1318,69.0727421268
1319,69.3740177189
1320,69.6820849916
1321,69.9967826783
1322,70.3179488321
1323,70.6454208846
1324,70.9790357033
1325,71.3186296505
1326,71.6640386398
1327,72.0150981941
1328,72.3716435018
1329,72.7335094732
1330,73.1005307966
1331,73.4725419937
1332,73.8493774745
1333,74.2308715919
1334,74.6168586961
1335,75.0071731876
1336,75.4016495709
1337,75.8001225065
1338,76.2024268635
1339,76.6083977707
1340,77.0178706678
1341,77.4306813557
1342,77.8466660462
1343,78.2656614114
1344,78.6875046324
1345,79.1120334472
1346,79.539086198
1347,79.9685018782
1348,80.4001201785
1349,80.8337815325
1350,81.2693271614
1351,81.706599118
1352,82.1454403308
1353,82.5856946465
1354,83.0272068719
1355,83.4698228161
1356,83.9133893303
1357,84.3577543489
1358,84.8027669279
1359,85.2482772842
1360,85.6941368332
1361,86.140198226
1362,86.5863153859
1363,87.0323435441
1364,87.4781392744
1365,87.9235605278
1366,88.3684666657
1367,88.8127184923
1368,89.2561782872
1369,89.6987098361
1370,90.140178461
1371,90.5804510502
1372,91.019396087
1373,91.4568836777
1374,91.8927855788
1375,92.3269752238
1376,92.7593277484
1377,93.1897200161
1378,93.6180306415
1379,94.0441400146
1380,94.4679303225
1381,94.8892855718
1382,95.3080916093
1383,95.7242361422
1384,96.1376087576
1385,96.5481009414
1386,96.9556060955
1387,97.3600195555
1388,97.7612386069
1389,98.1591625002
1390,98.5536924662
1391,98.9447317294
1392,99.3321855219
1393,99.715961095
1394,100.095967732
1395,100.472116756
1396,100.844321547
1397,101.212497543
1398,101.576562252
1399,101.936435263
1400,102.292038248
1401,102.643294973
1402,102.990131298
1403,103.33247519
1404,103.670256718
1405,104.003408064
1406,104.331863521
1407,104.6555595
1408,104.974434524
1409,105.288429235
1410,105.597486394
1411,105.901550875
1412,106.200569669
1413,106.494491877
1414,106.783268714
1415,107.066853499
1416,107.345201654
1417,107.618270699
1418,107.886020249
1419,108.148412002
1420,108.405409738
1421,108.656979311
1422,108.90308864
1423,109.143707698
1424,109.37880851
1425,109.608365137
1426,109.832353669
1427,110.050752214
1428,110.263540884
1429,110.470701789
1430,110.672219019
1431,110.868078635
1432,111.058268652
1433,111.242779028
1434,111.421601651
1435,111.594730319
1436,111.762160728
1437,111.923890457
1438,112.079918949
1439,112.230247498
1440,112.374879226
1441,112.513819072
1442,112.64707377
1443,112.774651829
1444,112.89656352
1445,113.012820851
1446,113.123437549
1447,113.228429043
1448,113.327812438
1449,113.421606499
1450,113.509831628
1451,113.592509843
1452,113.669664753
1453,113.741321543
1454,113.807506946
1455,113.868249219
1456,113.923578126
1457,113.973524911
1458,114.018122272
1459,114.057404343
1460,114.091406667
1461,114.12016617
1462,114.143721139
1463,114.162111197
1464,114.175377276
1465,114.183561596
1466,114.186707635
1467,114.184860105
1468,114.178064931
1469,114.166369216
1470,114.149821223
1471,114.128470346
1472,114.102367082
1473,114.07156301
1474,114.036110757
1475,113.996063977
1476,113.951477324
1477,113.902406422
1478,113.848907842
1479,113.791039071
1480,113.72885849
1481,113.662425344
1482,113.591799713
1483,113.517042489
1484,113.438215349
1485,113.355380724
1486,113.268601775
1487,113.177942366
1488,113.083467034
1489,112.985240966
1490,112.88332997
1491,112.777800448
1492,112.668719369
1493,112.556154245
1494,112.440173098
1495,112.32084444
1496,112.198237243
1497,112.072420913
1498,111.943465263
1499,111.81144049
1500,111.676417143
1501,111.538466103
1502,111.397658553
1503,111.254065954
1504,111.107760019
1505,110.958812688
1506,110.807296101
1507,110.653282574
1508,110.496844576
1509,110.338054701
1510,110.176985644
1511,110.013710178
1512,109.848301128
1513,109.680831351
1514,109.511373704
1515,109.340001031
1516,109.166786129
1517,108.991801735
1518,108.815120493
1519,108.63681494
1520,108.456957478
1521,108.275620355
1522,108.092875641
1523,107.908795207
1524,107.723450703
1525,107.536913539
1526,107.349254861
1527,107.160545533
1528,106.970856114
1529,106.780256842
1530,106.588817609
1531,106.396607947
1532,106.203697003
1533,106.010153525
1534,105.816045841
1535,105.621441842
1536,105.426408963
1537,105.231014165
1538,105.035323918
1539,104.839404186
1540,104.643320406
1541,104.447137476
1542,104.250919737
1543,104.054730956
1544,103.858634312
1545,103.662692383
1546,103.466967125
1547,103.271519866
1548,103.076411283
1549,102.881701397
1550,102.687449553
1551,102.493714408
1552,102.300553922
1553,102.108025343
1554,101.916185193
1555,101.72508926
1556,101.534792584
1557,101.345349448
1558,101.156813365
1559,100.96923707
1560,100.78267251
1561,100.59717083
1562,100.412782369
1563,100.229556651
1564,100.047542372
1565,99.8667873939
1566,99.6873387389
1567,99.5092425786
1568,99.3325442289
1569,99.1572881418
1570,98.9835178997
1571,98.8112762091
1572,98.6406048942
1573,98.471544892
1574,98.3041362469
1575,98.1384181056
1576,97.9744287132
1577,97.8122054083
1578,97.6517846195
1579,97.493201862
1580,97.3364917342
1581,97.181687915
1582,97.028823161
1583,96.8779293045
1584,96.7290372516
1585,96.5821769805
1586,96.4373775403
1587,96.2946670499
1588,96.1540726976
1589,96.0156207405
1590,95.8793365047
1591,95.7452443854
1592,95.6133678475
1593,95.4837294263
1594,95.3563507291
1595,95.2312524361
1596,95.1084543025
1597,94.9879751604
1598,94.8698329209
1599,94.7540445769
1600,94.6406262061
1601,94.5295929735
1602,94.4209591355
1603,94.3147380429
1604,94.2109421453
1605,94.1095829951
1606,94.0106712517
1607,93.9142166864
1608,93.8202281873
1609,93.728713764
1610,93.6396805539
1611,93.5531348269
1612,93.4690819917
1613,93.3875266017
1614,93.3084723615
1615,93.231922133
1616,93.1578779428
1617,93.0863409884
1618,93.0173116457
1619,92.9507894764
1620,92.8867732354
1621,92.8252608785
1622,92.7662495703
1623,92.7097356924
1624,92.6557148519
1625,92.6041818892
1626,92.5551308871
1627,92.5085551798
1628,92.4644473613
1629,92.4227992947
1630,92.3836021217
1631,92.3468462719
1632,92.3125214721
1633,92.2806167564
1634,92.2511204756
1635,92.2240203078
1636,92.1993032677
1637,92.1769557174
1638,92.1569633766
1639,92.1393113329
1640,92.1239840525
1641,92.110965391
1642,92.1002386036
1643,92.0917863567
1644,92.0855907384
1645,92.0816332696
1646,92.0798949151
1647,92.0803560951
1648,92.0829966961
1649,92.0877960823
1650,92.0947331074
1651,92.1037861254
1652,92.1149330029
1653,92.12815113
1654,92.1434174323
1655,92.1607083826
1656,92.1800000126
1657,92.2012679243
1658,92.2244873023
1659,92.2496329253
1660,92.2766791782
1661,92.3056000634
1662,92.3363692135
1663,92.3689599025
1664,92.4033450579
1665,92.4394972728
1666,92.4773888176
1667,92.5169916519
1668,92.5582774364
1669,92.6012175449
1670,92.645783076
1671,92.6919448649
1672,92.7396734956
1673,92.7889393121
1674,92.8397124308
1675,92.8919627518
1676,92.9456599705
1677,93.0007735898
1678,93.0572729313
1679,93.1151271468
1680,93.1743052301
1681,93.2347760282
1682,93.2965082531
1683,93.3594704927
1684,93.4236312221
1685,93.4889588152
1686,93.5554215556
1687,93.6229876477
1688,93.6916252277
1689,93.7613023744
1690,93.8319871203
1691,93.9036474622
1692,93.9762513719
1693,94.0497668067
1694,94.1241617202
1695,94.1994040721
1696,94.2754618393
1697,94.3523030254
1698,94.4298956711
1699,94.5082078643
1700,94.5872077498
1701,94.6668635392
1702,94.7471435205
1703,94.8280160676
1704,94.9094496499
1705,94.9914128417
1706,95.0738743312
1707,95.1568029295
1708,95.2401675799
1709,95.3239373667
1710,95.4080815235
1711,95.4925694423
1712,95.5773706817
1713,95.6624549753
1714,95.7477922399
1715,95.8333525834
1716,95.9191063132
1717,96.0050239434
1718,96.0910762027
1719,96.1772340422
1720,96.2634686424
1721,96.3497514204
1722,96.4360540374
1723,96.5223484053
1724,96.6086066935
1725,96.694801336
1726,96.7809050373
1727,96.866890779
1728,96.9527318265
1729,97.0384017341
1730,97.1238743519
1731,97.209123831
1732,97.2941246292
1733,97.3788515167
1734,97.4632795812
1735,97.5473842332
1736,97.6311412109
1737,97.7145265851
1738,97.7975167642
1739,97.8800884983
1740,97.9622188839
1741,98.0438853681
1742,98.1250657528
1743,98.2057381985
1744,98.2858812282
1745,98.365473731
1746,98.4444949658
1747,98.5229245642
1748,98.6007425343
1749,98.6779292633
1750,98.7544655205
1751,98.8303324602
1752,98.9055116241
1753,98.979984944
1754,99.0537347437
1755,99.1267437417
1756,99.1989950527
1757,99.2704721897
1758,99.3411590658
1759,99.4110399956
1760,99.4800996966
1761,99.5483232909
1762,99.6156963056
1763,99.6822046744
1764,99.7478347384
1765,99.8125732466
1766,99.8764073565
1767,99.9393246346
1768,100.001313057
1769,100.062361009
1770,100.122457286
1771,100.181591092
1772,100.23975204
1773,100.296930154
1774,100.353115864
1775,100.408300009
1776,100.462473834
1777,100.515628992
1778,100.567757539
1779,100.618851937
1780,100.668905049
1781,100.717910142
1782,100.76586088
1783,100.812751328
1784,100.858575946
1785,100.90332959
1786,100.947007509
1787,100.989605342
1788,101.031119118
1789,101.071545251
1790,101.110880542
1791,101.149122171
1792,101.186267699
1793,101.222315063
1794,101.257262573
1795,101.291108912
1796,101.32385313
1797,101.35549464
1798,101.386033221
1799,101.415469007
1800,101.44380249
1801,101.471034513
1802,101.497166266
1803,101.522199286
1804,101.546135451
1805,101.568976977
1806,101.590726412
1807,101.611386636
1808,101.630960855
1809,101.649452595
1810,101.666865703
1811,101.683204337
1812,101.698472967
1813,101.712676368
1814,101.725819614
1815,101.73790808
1816,101.748947428
1817,101.758943612
1818,101.767902868
1819,101.77583171
1820,101.782736927
1821,101.788625578
1822,101.793504984
1823,101.797382729
1824,101.80026665
1825,101.802164836
1826,101.803085619
1827,101.803037573
1828,101.802029509
1829,101.800070464
1830,101.797169705
1831,101.793336717
1832,101.788581202
1833,101.782913069
1834,101.776342437
1835,101.768879621
1836,101.760535132
1837,101.751319671
1838,101.741244125
1839,101.730319558
1840,101.718557208
1841,101.705968485
1842,101.692564958
1843,101.678358359
1844,101.66336057
1845,101.647583623
1846,101.631039692
1847,101.613741088
1848,101.595700256
1849,101.576929765
1850,101.557442308
1851,101.537250696
1852,101.516367848
1853,101.494806793
1854,101.472580657
1855,101.449702666
1856,101.426186133
1857,101.402044459
1858,101.377291126
1859,101.351939689
1860,101.326003776
1861,101.299497078
1862,101.272433348
1863,101.244826393
1864,101.216690072
1865,101.188038288
1866,101.158884985
1867,101.129244142
1868,101.099129769
1869,101.068555904
1870,101.037536603
1871,101.00608594
1872,100.974218001
1873,100.941946879
1874,100.909286668
1875,100.876251462
1876,100.842855348
1877,100.8091124
1878,100.775036678
1879,100.740642222
1880,100.705943048
1881,100.670953141
1882,100.635686455
1883,100.600156908
1884,100.564378374
1885,100.528364683
1886,100.492129615
1887,100.455686898
1888,100.4190502
1889,100.38223313
1890,100.345249231
1891,100.308111975
1892,100.270834766
1893,100.233430927
1894,100.195913703
1895,100.158296255
1896,100.120591658
1897,100.082812895
1898,100.044972857
1899,100.007084335
1900,99.9691600223
1901,99.9312125073
1902,99.8932542718
1903,99.8552976878
1904,99.8173550144
1905,99.7794383952
1906,99.7415598548
1907,99.7037312965
1908,99.6659644996
1909,99.6282711161
1910,99.5906626689
1911,99.5531505485
1912,99.5157460111
1913,99.4784601758
1914,99.4413040225
1915,99.4042883895
1916,99.3674239712
1917,99.3307213161
1918,99.2941908245
1919,99.257842747
1920,99.2216871817
1921,99.185734073
1922,99.1499932097
1923,99.1144742229
1924,99.0791865848
1925,99.0441396064
1926,99.0093424368
1927,98.9748040609
1928,98.9405332987
1929,98.9065388033
1930,98.8728290602
1931,98.8394123856
1932,98.8062969255
1933,98.7734906546
1934,98.7410013752
1935,98.7088367162
1936,98.6770041325
1937,98.6455109036
1938,98.6143641336
1939,98.5835707498
1940,98.5531375024
1941,98.523070964
1942,98.4933775287
1943,98.4640634121
1944,98.4351346508
1945,98.4065971018
1946,98.3784564425
1947,98.3507181705
1948,98.3233876033
1949,98.2964698782
1950,98.2699699527
1951,98.2438926038
1952,98.2182424287
1953,98.1930238447
1954,98.1682410895
1955,98.1438982213
1956,98.1199991192
1957,98.0965474838
1958,98.0735468372
1959,98.0510005237
1960,98.0289117103
1961,98.0072833877
1962,97.9861183699
1963,97.965419296
1964,97.9451886304
1965,97.9254286635
1966,97.9061415129
1967,97.887329124
1968,97.8689932709
1969,97.8511355577
1970,97.8337574191
1971,97.8168601219
1972,97.8004447659
1973,97.7845122849
1974,97.7690634481
1975,97.7540988616
1976,97.739618969
1977,97.7256240535
1978,97.7121142386
1979,97.6990894901
1980,97.6865496169
1981,97.6744942732
1982,97.6629229594
1983,97.6518350241
1984,97.6412296653
1985,97.6311059324
1986,97.6214627275
1987,97.6122988075
1988,97.6036127855
1989,97.5954031326
1990,97.5876681798
1991,97.5804061196
1992,97.5736150082
1993,97.567292767
1994,97.5614371846
1995,97.5560459191
1996,97.5511164992
1997,97.546646327
1998,97.5426326798
1999,97.5390727116
2000,97.5359634558
