0,39.368
1,38.7459856
2,38.1341165443
3,37.5325450366
4,36.9414157785
5,36.360866012
6,35.7910255646
7,35.2320168972
8,34.6839551554
9,34.1469482239
10,33.6210967829
11,33.1064943678
12,32.6032274319
13,32.1113754107
14,31.6310107901
15,31.1621991754
16,30.7049993645
17,30.2594634217
18,29.8256367551
19,29.4035581954
20,28.993260077
21,28.5947683213
22,28.2081025215
23,27.8332760296
24,27.4702960457
25,27.1191637076
26,26.7798741838
27,26.4524167665
28,26.1367749677
29,25.8329266151
30,25.5408439507
31,25.2604937301
32,24.991837323
33,24.7348308151
34,24.4894251109
35,24.2555660378
36,24.0331944509
37,23.8222463388
38,23.6226529299
39,23.4343408003
40,23.2572319815
41,23.0912440692
42,22.9362903326
43,22.792279824
44,22.6591174892
45,22.5367042779
46,22.4249372547
47,22.3237097103
48,22.2329112725
49,22.1524280184
50,22.082142585
51,22.0219342816
52,21.971679201
53,21.9312503309
54,21.9005176653
55,21.8793483156
56,21.8676066216
57,21.8651542618
58,21.8718503637
59,21.8875516136
60,21.9121123663
61,21.945384753
62,21.9872187909
63,22.0374624896
64,22.0959619591
65,22.1625615159
66,22.2371037884
67,22.3194298221
68,22.4093791835
69,22.5067900635
70,22.6114993794
71,22.7233428769
72,22.8421552298
73,22.96777014
74,23.1000204359
75,23.2387381694
76,23.3837547124
77,23.534900852
78,23.6920068842
79,23.854902707
80,24.0234179114
81,24.1973818726
82,24.3766238379
83,24.5609730156
84,24.7502586604
85,24.9443101593
86,25.1429571144
87,25.3460294263
88,25.553357374
89,25.7647716949
90,25.9801036628
91,26.1991851643
92,26.4218487741
93,26.6479278281
94,26.8772564963
95,27.1096698526
96,27.3450039441
97,27.583095859
98,27.8237837915
99,28.0669071074
100,28.3123064059
101,28.5598235814
102,28.8093018827
103,29.0605859715
104,29.3135219785
105,29.5679575581
106,29.8237419422
107,30.0807259911
108,30.3387622441
109,30.5977049675
110,30.8574102018
111,31.1177358064
112,31.3785415035
113,31.6396889202
114,31.9010416284
115,32.1624651841
116,32.4238271643
117,32.6849972028
118,32.9458470238
119,33.2062504751
120,33.4660835584
121,33.7252244586
122,33.9835535723
123,34.2409535332
124,34.4973092374
125,34.7525078664
126,35.0064389089
127,35.258994181
128,35.5100678449
129,35.7595564262
130,36.0073588299
131,36.2533763544
132,36.4975127049
133,36.7396740049
134,36.9797688059
135,37.2177080969
136,37.4534053112
137,37.6867763329
138,37.9177395017
139,38.146215616
140,38.3721279354
141,38.5954021814
142,38.8159665372
143,39.0337516462
144,39.2486906088
145,39.460718979
146,39.6697747588
147,39.8757983921
148,40.0787327571
149,40.278523158
150,40.4751173153
151,40.6684653548
152,40.8585197964
153,41.0452355408
154,41.2285698561
155,41.4084823629
156,41.5849350186
157,41.7578921008
158,41.9273201897
159,42.0931881498
160,42.2554671105
161,42.4141304459
162,42.569153754
163,42.7205148346
164,42.8681936673
165,43.0121723878
166,43.152435264
167,43.2889686713
168,43.4217610674
169,43.5508029657
170,43.6760869093
171,43.7976074431
172,43.9153610865
173,44.0293463043
174,44.1395634782
175,44.2460148772
176,44.3487046275
177,44.4476386818
178,44.5428247888
179,44.6342724617
180,44.7219929462
181,44.8059991885
182,44.8863058029
183,44.9629290389
184,45.0358867477
185,45.1051983491
186,45.1708847977
187,45.2329685488
188,45.2914735241
189,45.3464250774
190,45.3978499599
191,45.4457762852
192,45.4902334948
193,45.5312523225
194,45.5688647594
195,45.6031040186
196,45.6340044998
197,45.661601754
198,45.6859324478
199,45.7070343278
200,45.7249461857
201,45.7397078222
202,45.7513600118
203,45.7599444677
204,45.7655038058
205,45.7680815104
206,45.7677218981
207,45.7644700835
208,45.7583719441
209,45.7494740855
210,45.7378238071
211,45.7234690672
212,45.7064584496
213,45.6868411288
214,45.664666837
215,45.6399858301
216,45.6128488544
217,45.5833071141
218,45.551412238
219,45.5172162474
220,45.480771524
221,45.4421307777
222,45.4013470157
223,45.3584735106
224,45.3135637701
225,45.2666715064
226,45.2178506061
227,45.1671551002
228,45.1146391352
229,45.0603569437
230,45.0043628161
231,44.9467110724
232,44.8874560344
233,44.8266519983
234,44.7643532081
235,44.7006138288
236,44.6354879207
237,44.5690294135
238,44.5012920816
239,44.4323295192
240,44.3621951161
241,44.2909420342
242,44.2186231842
243,44.1452912028
244,44.0709984303
245,43.9957968894
246,43.9197382632
247,43.8428738749
248,43.7652546675
249,43.6869311837
250,43.607953547
251,43.5283714428
252,43.4482340999
253,43.3675902733
254,43.2864882263
255,43.2049757142
256,43.1230999682
257,43.0409076792
258,42.9584449829
259,42.8757574452
260,42.7928900478
261,42.7098871748
262,42.6267925992
263,42.5436494706
264,42.4605003028
265,42.3773869624
266,42.2943506574
267,42.2114319268
268,42.1286706304
269,42.046105939
270,41.9637763257
271,41.8817195566
272,41.7999726833
273,41.7185720346
274,41.6375532099
275,41.5569510721
276,41.4767997413
277,41.3971325893
278,41.3179822341
279,41.2393805351
280,41.1613585887
281,41.0839467243
282,41.0071745008
283,40.9310707035
284,40.8556633418
285,40.7809796465
286,40.7070460683
287,40.6338882765
288,40.5615311578
289,40.4899988162
290,40.4193145722
291,40.349500964
292,40.2805797471
293,40.2125718961
294,40.145497606
295,40.0793762934
296,40.0142265997
297,39.9500663924
298,39.886912769
299,39.8247820595
300,39.7636898302
301,39.7036508876
302,39.6446792825
303,39.5867883146
304,39.5299905371
305,39.4742977621
306,39.4197210656
307,39.3662707938
308,39.3139565684
309,39.2627872933
310,39.212771161
311,39.1639156592
312,39.1162275781
313,39.0697130175
314,39.0243773942
315,38.9802254499
316,38.9372612592
317,38.8954882374
318,38.8549091493
319,38.8155261174
320,38.7773406312
321,38.7403535553
322,38.7045651392
323,38.6699750265
324,38.6365822641
325,38.6043853118
326,38.5733820525
327,38.5435698015
328,38.5149453169
329,38.4875048097
330,38.461243954
331,38.4361578974
332,38.4122412715
333,38.3894882026
334,38.3678923221
335,38.3474467777
336,38.3281442438
337,38.3099769327
338,38.2929366054
339,38.2770145828
340,38.2622017569
341,38.2484886015
342,38.2358651838
343,38.2243211754
344,38.2138458637
345,38.204428163
346,38.1960566257
347,38.1887194541
348,38.1824045109
349,38.1770993311
350,38.1727911332
351,38.1694668301
352,38.1671130407
353,38.1657161011
354,38.1652620755
355,38.1657367677
356,38.1671257321
357,38.1694142848
358,38.1725875143
359,38.1766302931
360,38.181527288
361,38.1872629714
362,38.1938216316
363,38.2011873841
364,38.2093441817
365,38.2182758253
366,38.2279659745
367,38.2383981575
368,38.249555782
369,38.2614221447
370,38.2739804421
371,38.2872137799
372,38.3011051832
373,38.3156376061
374,38.3307939415
375,38.3465570305
376,38.3629096717
377,38.379834631
378,38.3973146501
379,38.415332456
380,38.4338707697
381,38.452912315
382,38.4724398272
383,38.4924360616
384,38.5128838017
385,38.5337658676
386,38.5550651241
387,38.5767644883
388,38.5988469379
389,38.6212955183
390,38.6440933504
391,38.6672236379
392,38.6906696743
393,38.7144148502
394,38.7384426599
395,38.7627367082
396,38.7872807169
397,38.8120585314
398,38.8370541266
399,38.8622516131
400,38.8876352434
401,38.9131894171
402,38.9388986869
403,38.9647477639
404,38.9907215228
405,39.016805007
406,39.0429834337
407,39.0692421984
408,39.0955668797
409,39.1219432438
410,39.1483572485
411,39.1747950477
412,39.2012429949
413,39.2276876476
414,39.2541157702
415,39.2805143383
416,39.3068705412
417,39.3331717857
418,39.3594056988
419,39.3855601306
420,39.4116231569
421,39.437583082
422,39.4634284408
423,39.4891480011
424,39.514730766
425,39.5401659753
426,39.5654431075
427,39.5905518816
428,39.6154822585
429,39.6402244421
430,39.664768881
431,39.689106269
432,39.7132275463
433,39.7371239005
434,39.7607867668
435,39.7842078287
436,39.8073790186
437,39.8302925177
438,39.8529407562
439,39.8753164137
440,39.8974124183
441,39.919221947
442,39.9407384253
443,39.961955526
444,39.9828671696
445,40.0034675228
446,40.0237509979
447,40.043712252
448,40.0633461858
449,40.0826479424
450,40.1016129062
451,40.1202367011
452,40.1385151898
453,40.1564444715
454,40.1740208805
455,40.1912409845
456,40.2081015828
457,40.2245997041
458,40.2407326049
459,40.256497767
460,40.2718928955
461,40.2869159164
462,40.3015649746
463,40.3158384312
464,40.3297348609
465,40.3432530498
466,40.3563919925
467,40.3691508895
468,40.3815291447
469,40.393526362
470,40.4051423431
471,40.416377084
472,40.4272307724
473,40.4377037848
474,40.4477966828
475,40.4575102107
476,40.4668452917
477,40.4758030254
478,40.4843846838
479,40.4925917085
480,40.5004257074
481,40.507888451
482,40.5149818694
483,40.5217080487
484,40.5280692274
485,40.5340677933
486,40.53970628
487,40.5449873629
488,40.5499138562
489,40.5544887093
490,40.558715003
491,40.5625959461
492,40.566134872
493,40.5693352345
494,40.5722006052
495,40.5747346691
496,40.5769412211
497,40.5788241629
498,40.5803874989
499,40.581635333
500,40.5825718646
501,40.5832013855
502,40.5835282758
503,40.5835570008
504,40.5832921074
505,40.5827382203
506,40.5819000387
507,40.5807823326
508,40.5793899397
509,40.5777277616
510,40.5758007603
511,40.5736139553
512,40.5711724195
513,40.5684812763
514,40.5655456961
515,40.5623708931
516,40.5589621219
517,40.5553246741
518,40.5514638754
519,40.5473850822
520,40.5430936784
521,40.5385950726
522,40.5338946945
523,40.5289979922
524,40.5239104292
525,40.518637481
526,40.5131846328
527,40.5075573761
528,40.5017612061
529,40.4958016188
530,40.4896841082
531,40.4834141634
532,40.4769972665
533,40.4704388893
534,40.4637444911
535,40.4569195158
536,40.4499693899
537,40.4428995196
538,40.4357152887
539,40.4284220559
540,40.4210251528
541,40.4135298815
542,40.4059415125
543,40.3982652823
544,40.3905063915
545,40.3826700027
546,40.3747612385
547,40.3667851793
548,40.3587468618
549,40.3506512768
550,40.3425033677
551,40.3343080283
552,40.3260701016
553,40.3177943778
554,40.3094855928
555,40.3011484267
556,40.2927875023
557,40.2844073835
558,40.2760125741
559,40.2676075165
560,40.2591965901
561,40.2507841102
562,40.2423743272
563,40.2339714249
564,40.2255795195
565,40.217202659
566,40.2088448217
567,40.2005099156
568,40.1922017775
569,40.1839241717
570,40.1756807899
571,40.16747525
572,40.1593110957
573,40.1511917954
574,40.1431207422
575,40.1351012528
576,40.1271365676
577,40.1192298495
578,40.1113841841
579,40.1036025791
580,40.0958879641
581,40.0882431901
582,40.0806710294
583,40.0731741755
584,40.0657552427
585,40.0584167663
586,40.0511612025
587,40.043990928
588,40.0369082404
589,40.0299153582
590,40.0230144209
591,40.0162074889
592,40.009496544
593,40.0028834894
594,39.99637015
595,39.9899582727
596,39.9836495267
597,39.9774455038
598,39.971347719
599,39.9653576105
600,39.9594765407
601,39.9537057961
602,39.9480465882
603,39.9425000541
604,39.9370672566
605,39.9317491852
606,39.9265467568
607,39.921460816
608,39.9164921359
609,39.9116414191
610,39.906909298
611,39.9022963357
612,39.897803027
613,39.8934297989
614,39.8891770115
615,39.8850449591
616,39.8810338706
617,39.8771439106
618,39.8733751807
619,39.8697277195
620,39.8662015046
621,39.8627964526
622,39.8595124208
623,39.8563492078
624,39.8533065545
625,39.8503841453
626,39.847581609
627,39.8448985197
628,39.8423343983
629,39.8398887129
630,39.8375608806
631,39.8353502679
632,39.8332561923
633,39.8312779232
634,39.8294146827
635,39.8276656475
636,39.8260299491
637,39.8245066755
638,39.8230948721
639,39.8217935431
640,39.8206016523
641,39.8195181242
642,39.8185418456
643,39.8176716663
644,39.8169064004
645,39.8162448275
646,39.8156856937
647,39.8152277127
648,39.8148695674
649,39.8146099104
650,39.8144473654
651,39.8143805287
652,39.8144079696
653,39.8145282322
654,39.8147398361
655,39.8150412776
656,39.8154310311
657,39.8159075497
658,39.8164692668
659,39.8171145968
660,39.8178419365
661,39.8186496658
662,39.8195361491
663,39.8204997365
664,39.8215387642
665,39.8226515562
666,39.823836425
667,39.8250916728
668,39.8264155922
669,39.8278064676
670,39.829262576
671,39.8307821879
672,39.8323635685
673,39.8340049782
674,39.8357046742
675,39.837460911
676,39.8392719411
677,39.8411360166
678,39.8430513895
679,39.8450163128
680,39.8470290413
681,39.8490878324
682,39.8511909473
683,39.8533366512
684,39.8555232147
685,39.8577489141
686,39.8600120327
687,39.8623108609
688,39.8646436975
689,39.8670088504
690,39.8694046369
691,39.8718293847
692,39.8742814325
693,39.876759131
694,39.8792608428
695,39.8817849438
696,39.8843298233
697,39.886893885
698,39.8894755472
699,39.8920732437
700,39.894685424
701,39.8973105543
702,39.8999471176
703,39.9025936143
704,39.905248563
705,39.9079105005
706,39.9105779824
707,39.913249584
708,39.9159238998
709,39.9185995448
710,39.9212751545
711,39.9239493852
712,39.9266209143
713,39.9292884412
714,39.9319506867
715,39.9346063943
716,39.9372543297
717,39.9398932814
718,39.9425220611
719,39.9451395037
720,39.9477444677
721,39.9503358351
722,39.9529125121
723,39.9554734289
724,39.9580175399
725,39.9605438242
726,39.9630512851
727,39.9655389509
728,39.9680058747
729,39.9704511343
730,39.9728738326
731,39.9752730977
732,39.9776480825
733,39.9799979654
734,39.9823219497
735,39.9846192641
736,39.9868891624
737,39.9891309236
738,39.9913438519
739,39.9935272765
740,39.9956805518
741,39.9978030573
742,39.9998941973
743,40.001953401
744,40.0039801224
745,40.0059738403
746,40.0079340578
747,40.0098603026
748,40.0117521267
749,40.0136091062
750,40.0154308411
751,40.0172169553
752,40.0189670965
753,40.0206809357
754,40.0223581672
755,40.0239985083
756,40.0256016992
757,40.0271675029
758,40.0286957046
759,40.0301861118
760,40.0316385538
761,40.0330528817
762,40.0344289681
763,40.0357667065
764,40.0370660115
765,40.0383268183
766,40.0395490824
767,40.0407327793
768,40.0418779044
769,40.0429844723
770,40.044052517
771,40.0450820912
772,40.0460732662
773,40.0470261313
774,40.0479407939
775,40.048817379
776,40.0496560286
777,40.0504569016
778,40.0512201737
779,40.0519460365
780,40.0526346976
781,40.0532863803
782,40.0539013227
783,40.0544797779
784,40.0550220134
785,40.0555283111
786,40.0559989661
787,40.0564342874
788,40.0568345968
789,40.0572002286
790,40.0575315298
791,40.057828859
792,40.0580925866
793,40.0583230941
794,40.0585207738
795,40.0586860287
796,40.0588192717
797,40.0589209256
798,40.0589914226
799,40.0590312038
800,40.0590407192
801,40.059020427
802,40.0589707934
803,40.0588922921
804,40.0587854042
805,40.0586506176
806,40.0584884269
807,40.0582993327
808,40.0580838416
809,40.0578424657
810,40.0575757222
811,40.0572841332
812,40.0569682253
813,40.0566285292
814,40.0562655794
815,40.0558799141
816,40.0554720744
817,40.0550426046
818,40.0545920512
819,40.0541209631
820,40.0536298912
821,40.0531193878
822,40.0525900068
823,40.0520423028
824,40.0514768313
825,40.0508941481
826,40.0502948095
827,40.0496793711
828,40.0490483886
829,40.0484024166
830,40.0477420092
831,40.0470677187
832,40.0463800965
833,40.0456796919
834,40.0449670523
835,40.044242723
836,40.0435072466
837,40.0427611632
838,40.0420050099
839,40.0412393205
840,40.0404646258
841,40.0396814526
842,40.0388903241
843,40.0380917595
844,40.0372862737
845,40.0364743773
846,40.0356565762
847,40.0348333716
848,40.0340052598
849,40.0331727319
850,40.0323362737
851,40.0314963656
852,40.0306534822
853,40.0298080927
854,40.02896066
855,40.0281116411
856,40.0272614869
857,40.0264106418
858,40.025559544
859,40.0247086247
860,40.0238583089
861,40.0230090145
862,40.0221611524
863,40.0213151269
864,40.0204713349
865,40.019630166
866,40.0187920028
867,40.0179572203
868,40.0171261864
869,40.016299261
870,40.0154767969
871,40.014659139
872,40.0138466245
873,40.013039583
874,40.0122383362
875,40.011443198
876,40.0106544745
877,40.0098724637
878,40.0090974559
879,40.0083297333
880,40.0075695702
881,40.0068172327
882,40.0060729793
883,40.00533706
884,40.0046097173
885,40.0038911852
886,40.00318169
887,40.0024814499
888,40.0017906751
889,40.0011095678
890,40.0004383225
891,39.9997771253
892,39.9991261549
893,39.9984855817
894,39.9978555687
895,39.9972362707
896,39.9966278349
897,39.9960304009
898,39.9954441006
899,39.9948690582
900,39.9943053903
901,39.9937532061
902,39.9932126074
903,39.9926836886
904,39.9921665366
905,39.9916612314
906,39.9911678456
907,39.9906864446
908,39.990217087
909,39.9897598245
910,39.9893147016
911,39.9888817563
912,39.9884610198
913,39.9880525168
914,39.9876562653
915,39.987272277
916,39.9869005572
917,39.986541105
918,39.9861939133
919,39.985858969
920,39.985536253
921,39.9852257403
922,39.9849274003
923,39.9846411967
924,39.9843670876
925,39.9841050257
926,39.9838549583
927,39.9836168276
928,39.9833905706
929,39.9831761195
930,39.9829734012
931,39.9827823382
932,39.9826028481
933,39.9824348442
934,39.982278235
935,39.982132925
936,39.9819988143
937,39.981875799
938,39.9817637711
939,39.9816626188
940,39.9815722267
941,39.9814924754
942,39.9814232423
943,39.9813644013
944,39.981315823
945,39.9812773747
946,39.9812489208
947,39.9812303227
948,39.981221439
949,39.9812221256
950,39.9812322356
951,39.98125162
952,39.981280127
953,39.9813176027
954,39.9813638912
955,39.9814188344
956,39.9814822723
957,39.981554043
958,39.9816339831
959,39.9817219273
960,39.9818177091
961,39.9819211605
962,39.9820321121
963,39.9821503935
964,39.9822758331
965,39.9824082584
966,39.9825474961
967,39.9826933718
968,39.9828457109
969,39.9830043378
970,39.9831690768
971,39.9833397515
972,39.9835161853
973,39.9836982017
974,39.9838856236
975,39.9840782744
976,39.9842759771
977,39.9844785551
978,39.9846858322
979,39.9848976323
980,39.9851137798
981,39.9853340995
982,39.9855584171
983,39.9857865586
984,39.9860183509
985,39.9862536217
986,39.9864921996
987,39.9867339142
988,39.986978596
989,39.9872260767
990,39.9874761892
991,39.9877287675
992,39.987983647
993,39.9882406645
994,39.9884996582
995,39.9887604676
996,39.989022934
997,39.9892869002
998,39.9895522106
999,39.9898187114
1000,39.9900862504
1001,39.9903546774
1002,40.0107198439
1003,40.0508640866
1004,40.1104646646
1005,40.1891939993
1006,40.2867199131
1007,40.4027058664
1008,40.5368111936
1009,40.6886913371
1010,40.8579980805
1011,41.0443797788
1012,41.247481588
1013,41.4669456922
1014,41.7024115288
1015,41.9535160117
1016,42.2198937522
1017,42.501177278
1018,42.7969972494
1019,43.1069826739
1020,43.4307611172
1021,43.767958913
1022,44.1182013692
1023,44.4811129721
1024,44.8563175873
1025,45.2434386584
1026,45.6420994026
1027,46.0519230035
1028,46.4725328007
1029,46.9035524771
1030,47.3446062421
1031,47.7953190128
1032,48.2553165915
1033,48.7242258403
1034,49.2016748519
1035,49.687293118
1036,50.1807116941
1037,50.6815633606
1038,51.1894827812
1039,51.7041066575
1040,52.2250738805
1041,52.7520256781
1042,53.2846057602
1043,53.8224604594
1044,54.3652388683
1045,54.9125929742
1046,55.4641777893
1047,56.0196514776
1048,56.5786754787
1049,57.1409146276
1050,57.7060372715
1051,58.273715382
1052,58.8436246653
1053,59.4154446673
1054,59.9888588763
1055,60.5635548213
1056,61.1392241677
1057,61.7155628085
1058,62.2922709526
1059,62.8690532092
1060,63.4456186692
1061,64.0216809827
1062,64.5969584327
1063,65.1711740066
1064,65.7440554624
1065,66.3153353934
1066,66.8847512881
1067,67.4520455871
1068,68.0169657371
1069,68.5792642411
1070,69.1386987051
1071,69.6950318822
1072,70.2480317129
1073,70.7974713623
1074,71.3431292541
1075,71.8847891015
1076,72.4222399353
1077,72.9552761278
1078,73.4836974151
1079,74.0073089154
1080,74.5259211444
1081,75.0393500282
1082,75.5474169128
1083,76.0499485712
1084,76.5467772071
1085,77.0377404564
1086,77.5226813855
1087,78.0014484871
1088,78.4738956734
1089,78.9398822665
1090,79.3992729861
1091,79.8519379356
1092,80.2977525841
1093,80.7365977475
1094,81.1683595665
1095,81.592929482
1096,82.010204209
1097,82.4200857075
1098,82.8224811518
1099,83.217302897
1100,83.6044684441
1101,83.9839004025
1102,84.3555264511
1103,84.7192792965
1104,85.0750966305
1105,85.4229210847
1106,85.762700184
1107,86.0943862979
1108,86.4179365907
1109,86.7333129692
1110,87.0404820296
1111,87.3394150023
1112,87.630087696
1113,87.9124804389
1114,88.1865780205
1115,88.4523696301
1116,88.7098487955
1117,88.9590133196
1118,89.1998652161
1119,89.4324106444
1120,89.6566598426
1121,89.8726270604
1122,90.0803304903
1123,90.2797921981
1124,90.4710380529
1125,90.6540976556
1126,90.8290042671
1127,90.9957947354
1128,91.1545094226
1129,91.3051921305
1130,91.4478900261
1131,91.5826535663
1132,91.7095364227
1133,91.8285954048
1134,91.9398903839
1135,92.043484216
1136,92.1394426646
1137,92.2278343232
1138,92.3087305377
1139,92.382205328
1140,92.4483353104
1141,92.5071996191
1142,92.558879828
1143,92.6034598726
1144,92.6410259713
1145,92.6716665473
1146,92.6954721508
1147,92.7125353805
1148,92.722950806
1149,92.7268148899
1150,92.7242259109
1151,92.7152838859
1152,92.7000904938
1153,92.6787489987
1154,92.6513641737
1155,92.6180422255
1156,92.5788907187
1157,92.5340185013
1158,92.4835356302
1159,92.4275532976
1160,92.3661837576
1161,92.2995402535
1162,92.227736946
1163,92.1508888418
1164,92.0691117226
1165,91.9825220753
1166,91.8912370228
1167,91.7953742549
1168,91.6950519613
1169,91.590388764
1170,91.481503651
1171,91.3685159115
1172,91.2515450709
1173,91.1307108271
1174,91.0061329882
1175,90.87793141
1176,90.7462259355
1177,90.6111363347
1178,90.4727822458
1179,90.3312831166
1180,90.1867581478
1181,90.0393262368
1182,89.8891059228
1183,89.7362153322
1184,89.5807721262
1185,89.4228934482
1186,89.2626958734
1187,89.1002953586
1188,88.9358071936
1189,88.7693459532
1190,88.6010254508
1191,88.430958693
1192,88.2592578347
1193,88.0860341364
1194,87.9113979214
1195,87.735458535
1196,87.5583243046
1197,87.3801025007
1198,87.2008992991
1199,87.0208197447
1200,86.8399677153
1201,86.6584458883
1202,86.4763557063
1203,86.2937973459
1204,86.1108696866
1205,85.9276702804
1206,85.744295324
1207,85.5608396303
1208,85.3773966026
1209,85.194058209
1210,85.0109149579
1211,84.8280558753
1212,84.6455684825
1213,84.4635387753
1214,84.2820512038
1215,84.1011886541
1216,83.9210324302
1217,83.7416622374
1218,83.563156167
1219,83.3855906813
1220,83.2090406007
1221,83.0335790906
1222,82.8592776504
1223,82.6862061028
1224,82.5144325845
1225,82.3440235379
1226,82.1750437033
1227,82.0075561127
1228,81.841622084
1229,81.6773012168
1230,81.5146513883
1231,81.3537287511
1232,81.1945877306
1233,81.0372810249
1234,80.8818596043
1235,80.7283727122
1236,80.5768678667
1237,80.4273908633
1238,80.2799857781
1239,80.1346949721
1240,79.991559096
1241,79.850617096
1242,79.7119062203
1243,79.5754620264
1244,79.4413183891
1245,79.3095075091
1246,79.1800599227
1247,79.0530045115
1248,78.9283685138
1249,78.8061775353
1250,78.686455562
1251,78.5692249722
1252,78.4545065505
1253,78.3423195013
1254,78.2326814633
1255,78.125608525
1256,78.02111524
1257,77.9192146431
1258,77.8199182674
1259,77.723236161
1260,77.6291769049
1261,77.5377476312
1262,77.4489540416
1263,77.3628004262
1264,77.2792896835
1265,77.1984233396
1266,77.1202015688
1267,77.0446232141
1268,76.9716858081
1269,76.9013855944
1270,76.8337175492
1271,76.7686754029
1272,76.7062516629
1273,76.6464376354
1274,76.5892234487
1275,76.5345980759
1276,76.4825493581
1277,76.433064028
1278,76.3861277334
1279,76.3417250608
1280,76.2998395598
1281,76.2604537671
1282,76.2235492306
1283,76.1891065337
1284,76.1571053203
1285,76.127524319
1286,76.1003413678
1287,76.075533439
1288,76.0530766639
1289,76.0329463579
1290,76.0151170451
1291,75.9995624831
1292,75.9862556884
1293,75.9751689608
1294,75.9662739087
1295,75.9595414736
1296,75.9549419549
1297,75.9524450349
1298,75.9520198035
1299,75.9536347823
1300,75.9572579497
1301,75.962856765
1302,75.9703981925
1303,75.9798487263
1304,75.9911744136
1305,76.004340879
1306,76.0193133483
1307,76.0360566717
1308,76.0545353475
1309,76.0747135454
1310,76.0965551292
1311,76.12002368
1312,76.1450825183
1313,76.171694727
1314,76.1998231734
1315,76.229430531
1316,76.2604793011
1317,76.2929318347
1318,76.3267503535
1319,76.3618969708
1320,76.3983337121
1321,76.4360225359
1322,76.4749253534
1323,76.5150040487
1324,76.5562204981
1325,76.5985365895
1326,76.6419142415
1327,76.6863154219
1328,76.7317021659
1329,76.7780365944
1330,76.8252809318
1331,76.8733975232
1332,76.9223488512
1333,76.9720975533
1334,77.0226064379
1335,77.0738385002
1336,77.1257569386
1337,77.1783251691
1338,77.2315068413
1339,77.2852658525
1340,77.3395663623
1341,77.3943728065
1342,77.4496499107
1343,77.5053627038
1344,77.5614765306
1345,77.6179570648
1346,77.6747703207
1347,77.7318826655
1348,77.7892608307
1349,77.846871923
1350,77.9046834354
1351,77.9626632574
1352,78.0207796853
1353,78.0790014317
1354,78.1372976347
1355,78.1956378674
1356,78.2539921461
1357,78.3123309387
1358,78.3706251727
1359,78.4288462428
1360,78.4869660179
1361,78.5449568482
1362,78.6027915716
1363,78.6604435201
1364,78.7178865254
1365,78.7750949243
1366,78.8320435643
1367,78.8887078081
1368,78.9450635382
1369,79.0010871609
1370,79.0567556105
1371,79.1120463524
1372,79.1669373865
1373,79.2214072503
1374,79.2754350208
1375,79.3290003175
1376,79.3820833041
1377,79.4346646896
1378,79.4867257306
1379,79.5382482317
1380,79.5892145462
1381,79.639607577
1382,79.6894107766
1383,79.7386081467
1384,79.7871842384
1385,79.8351241512
1386,79.8824135319
1387,79.9290385741
1388,79.9749860161
1389,80.0202431395
1390,80.0647977673
1391,80.1086382619
1392,80.1517535223
1393,80.1941329817
1394,80.2357666047
1395,80.276644884
1396,80.3167588373
1397,80.3561000039
1398,80.3946604403
1399,80.4324327172
1400,80.4694099147
1401,80.5055856183
1402,80.5409539143
1403,80.5755093849
1404,80.6092471039
1405,80.642162631
1406,80.674252007
1407,80.7055117484
1408,80.7359388417
1409,80.7655307377
1410,80.7942853462
1411,80.8222010292
1412,80.8492765954
1413,80.8755112939
1414,80.9009048076
1415,80.9254572469
1416,80.9491691431
1417,80.9720414416
1418,80.9940754953
1419,81.0152730572
1420,81.0356362742
1421,81.0551676791
1422,81.0738701842
1423,81.0917470734
1424,81.1088019954
1425,81.1250389559
1426,81.1404623104
1427,81.1550767562
1428,81.1688873256
1429,81.1818993773
1430,81.1941185897
1431,81.2055509523
1432,81.2162027583
1433,81.2260805971
1434,81.2351913457
1435,81.2435421616
1436,81.2511404744
1437,81.2579939784
1438,81.264110624
1439,81.2694986104
1440,81.2741663775
1441,81.2781225977
1442,81.2813761685
1443,81.2839362041
1444,81.2858120277
1445,81.2870131637
1446,81.2875493299
1447,81.2874304292
1448,81.2866665423
1449,81.2852679199
1450,81.2832449743
1451,81.2806082728
1452,81.2773685288
1453,81.2735365952
1454,81.2691234561
1455,81.2641402199
1456,81.2585981113
1457,81.2525084638
1458,81.2458827131
1459,81.2387323891
1460,81.2310691086
1461,81.2229045689
1462,81.2142505397
1463,81.205118857
1464,81.1955214154
1465,81.1854701616
1466,81.1749770877
1467,81.1640542242
1468,81.1527136334
1469,81.1409674031
1470,81.1288276399
1471,81.1163064629
1472,81.1034159975
1473,81.0901683692
1474,81.0765756971
1475,81.0626500887
1476,81.0484036332
1477,81.0338483964
1478,81.0189964143
1479,81.0038596881
1480,80.9884501784
1481,80.9727797998
1482,80.9568604158
1483,80.9407038335
1484,80.9243217986
1485,80.9077259902
1486,80.8909280163
1487,80.8739394088
1488,80.8567716191
1489,80.8394360133
1490,80.8219438681
1491,80.8043063661
1492,80.786534592
1493,80.7686395284
1494,80.7506320518
1495,80.7325229289
1496,80.7143228126
1497,80.6960422386
1498,80.6776916219
1499,80.6592812533
1500,80.6408212963
1501,80.6223217836
1502,80.6037926147
1503,80.5852435522
1504,80.5666842194
1505,80.5481240978
1506,80.5295725239
1507,80.5110386873
1508,80.4925316281
1509,80.4740602346
1510,80.4556332413
1511,80.4372592265
1512,80.4189466111
1513,80.400703656
1514,80.3825384607
1515,80.3644589621
1516,80.3464729322
1517,80.3285879773
1518,80.3108115368
1519,80.2931508814
1520,80.2756131127
1521,80.2582051617
1522,80.2409337883
1523,80.2238055803
1524,80.2068269529
1525,80.1900041479
1526,80.1733432333
1527,80.1568501031
1528,80.1405304768
1529,80.124389899
1530,80.1084337398
1531,80.0926671945
1532,80.0770952835
1533,80.0617228526
1534,80.0465545735
1535,80.0315949437
1536,80.016848287
1537,80.0023187541
1538,79.9880103233
1539,79.9739268008
1540,79.9600718215
1541,79.9464488501
1542,79.9330611816
1543,79.9199119423
1544,79.907004091
1545,79.8943404201
1546,79.8819235563
1547,79.8697559623
1548,79.8578399379
1549,79.8461776213
1550,79.8347709905
1551,79.8236218648
1552,79.8127319064
1553,79.8021026217
1554,79.7917353632
1555,79.781631331
1556,79.7717915747
1557,79.7622169949
1558,79.7529083454
1559,79.7438662348
1560,79.7350911283
1561,79.7265833502
1562,79.7183430851
1563,79.7103703808
1564,79.7026651496
1565,79.695227171
1566,79.6880560935
1567,79.6811514369
1568,79.6745125945
1569,79.6681388353
1570,79.6620293064
1571,79.6561830351
1572,79.6505989313
1573,79.64527579
1574,79.6402122935
1575,79.6354070136
1576,79.6308584145
1577,79.6265648548
1578,79.6225245901
1579,79.6187357754
1580,79.6151964676
1581,79.611904628
1582,79.6088581247
1583,79.6060547353
1584,79.6034921492
1585,79.60116797
1586,79.5990797184
1587,79.5972248344
1588,79.5956006799
1589,79.5942045413
1590,79.5930336318
1591,79.5920850944
1592,79.5913560038
1593,79.5908433693
1594,79.5905441371
1595,79.5904551931
1596,79.5905733651
1597,79.5908954252
1598,79.5914180927
1599,79.5921380363
1600,79.5930518762
1601,79.5941561873
1602,79.5954475011
1603,79.596922308
1604,79.5985770602
1605,79.6004081735
1606,79.6024120301
1607,79.6045849807
1608,79.6069233469
1609,79.6094234234
1610,79.6120814804
1611,79.6148937658
1612,79.6178565073
1613,79.6209659149
1614,79.6242181827
1615,79.6276094914
1616,79.6311360103
1617,79.6347938991
1618,79.6385793106
1619,79.6424883921
1620,79.6465172878
1621,79.6506621409
1622,79.6549190949
1623,79.6592842965
1624,79.6637538965
1625,79.6683240524
1626,79.6729909299
1627,79.6777507047
1628,79.6825995644
1629,79.6875337102
1630,79.6925493584
1631,79.6976427425
1632,79.7028101143
1633,79.708047746
1634,79.7133519312
1635,79.7187189871
1636,79.7241452556
1637,79.7296271046
1638,79.7351609297
1639,79.7407431558
1640,79.7463702379
1641,79.7520386627
1642,79.75774495
1643,79.7634856537
1644,79.7692573633
1645,79.7750567046
1646,79.7808803415
1647,79.7867249764
1648,79.7925873517
1649,79.798464251
1650,79.8043524993
1651,79.8102489649
1652,79.8161505596
1653,79.82205424
1654,79.8279570083
1655,79.8338559127
1656,79.8397480489
1657,79.8456305601
1658,79.8515006382
1659,79.8573555243
1660,79.8631925093
1661,79.8690089344
1662,79.8748021922
1663,79.8805697264
1664,79.8863090329
1665,79.8920176602
1666,79.8976932094
1667,79.9033333354
1668,79.9089357463
1669,79.9144982044
1670,79.9200185263
1671,79.9254945833
1672,79.9309243013
1673,79.9363056612
1674,79.9416366993
1675,79.946915507
1676,79.9521402313
1677,79.9573090746
1678,79.9624202949
1679,79.9674722058
1680,79.9724631766
1681,79.9773916321
1682,79.9822560524
1683,79.9870549733
1684,79.9917869859
1685,79.9964507362
1686,80.0010449255
1687,80.0055683097
1688,80.0100196995
1689,80.0143979599
1690,80.0187020098
1691,80.0229308222
1692,80.0270834235
1693,80.0311588932
1694,80.0351563638
1695,80.0390750201
1696,80.0429140991
1697,80.0466728894
1698,80.0503507307
1699,80.0539470137
1700,80.0574611792
1701,80.0608927179
1702,80.0642411698
1703,80.0675061236
1704,80.0706872165
1705,80.0737841329
1706,80.0767966049
1707,80.0797244106
1708,80.0825673744
1709,80.0853253658
1710,80.0879982991
1711,80.0905861326
1712,80.093088868
1713,80.0955065497
1714,80.0978392642
1715,80.1000871393
1716,80.1022503435
1717,80.1043290853
1718,80.1063236124
1719,80.1082342111
1720,80.1100612053
1721,80.1118049561
1722,80.113465861
1723,80.1150443527
1724,80.116540899
1725,80.1179560016
1726,80.1192901954
1727,80.1205440479
1728,80.1217181581
1729,80.122813156
1730,80.1238297018
1731,80.1247684848
1732,80.125630223
1733,80.126415662
1734,80.1271255745
1735,80.1277607591
1736,80.12832204
1737,80.1288102655
1738,80.1292263082
1739,80.1295710631
1740,80.1298454475
1741,80.1300504002
1742,80.1301868803
1743,80.1302558666
1744,80.1302583571
1745,80.1301953677
1746,80.1300679318
1747,80.1298770991
1748,80.1296239355
1749,80.1293095216
1750,80.1289349524
1751,80.1285013363
1752,80.1280097944
1753,80.1274614598
1754,80.1268574768
1755,80.126199
1756,80.125487194
1757,80.1247232322
1758,80.1239082962
1759,80.1230435752
1760,80.1221302653
1761,80.1211695685
1762,80.1201626926
1763,80.1191108497
1764,80.1180152562
1765,80.1168771317
1766,80.1156976988
1767,80.1144781818
1768,80.1132198067
1769,80.1119238001
1770,80.1105913887
1771,80.1092237989
1772,80.107822256
1773,80.1063879833
1774,80.1049222023
1775,80.1034261313
1776,80.1019009853
1777,80.1003479753
1778,80.0987683078
1779,80.0971631843
1780,80.0955338005
1781,80.0938813462
1782,80.0922070045
1783,80.0905119513
1784,80.0887973553
1785,80.0870643766
1786,80.0853141672
1787,80.08354787
1788,80.0817666184
1789,80.0799715362
1790,80.0781637367
1791,80.0763443228
1792,80.0745143861
1793,80.072675007
1794,80.0708272541
1795,80.0689721838
1796,80.06711084
1797,80.0652442537
1798,80.0633734431
1799,80.0614994125
1800,80.0596231528
1801,80.0577456407
1802,80.0558678387
1803,80.0539906945
1804,80.0521151411
1805,80.0502420966
1806,80.0483724636
1807,80.0465071291
1808,80.0446469646
1809,80.0427928255
1810,80.0409455511
1811,80.0391059646
1812,80.0372748725
1813,80.0354530648
1814,80.0336413148
1815,80.0318403788
1816,80.0300509962
1817,80.0282738892
1818,80.0265097629
1819,80.024759305
1820,80.0230231859
1821,80.0213020583
1822,80.0195965577
1823,80.0179073019
1824,80.016234891
1825,80.0145799076
1826,80.0129429164
1827,80.0113244648
1828,80.0097250823
1829,80.0081452805
1830,80.0065855538
1831,80.0050463785
1832,80.0035282136
1833,80.0020315004
1834,80.0005566627
1835,79.9991041069
1836,79.9976742217
1837,79.9962673788
1838,79.9948839325
1839,79.99352422
1840,79.9921885612
1841,79.9908772592
1842,79.9895906003
1843,79.9883288539
1844,79.9870922727
1845,79.9858810931
1846,79.984695535
1847,79.983535802
1848,79.9824020818
1849,79.981294546
1850,79.9802133504
1851,79.9791586354
1852,79.9781305256
1853,79.9771291307
1854,79.9761545451
1855,79.9752068482
1856,79.9742861049
1857,79.9733923654
1858,79.9725256657
1859,79.9716860275
1860,79.9708734587
1861,79.9700879534
1862,79.9693294922
1863,79.9685980426
1864,79.9678935588
1865,79.9672159821
1866,79.9665652414
1867,79.9659412531
1868,79.9653439214
1869,79.9647731387
1870,79.9642287856
1871,79.9637107313
1872,79.9632188336
1873,79.9627529397
1874,79.9623128857
1875,79.9618984975
1876,79.9615095907
1877,79.9611459708
1878,79.9608074336
1879,79.9604937656
1880,79.960204744
1881,79.9599401367
1882,79.9596997035
1883,79.9594831951
1884,79.9592903544
1885,79.9591209163
1886,79.9589746078
1887,79.9588511486
1888,79.9587502513
1889,79.9586716213
1890,79.9586149575
1891,79.9585799524
1892,79.9585662923
1893,79.9585736574
1894,79.9586017224
1895,79.9586501566
1896,79.958718624
1897,79.9588067838
1898,79.9589142904
1899,79.9590407939
1900,79.9591859401
1901,79.9593493709
1902,79.9595307245
1903,79.9597296356
1904,79.9599457356
1905,79.9601786531
1906,79.9604280138
1907,79.9606934408
1908,79.960974555
1909,79.9612709752
1910,79.9615823184
1911,79.9619081998
1912,79.9622482333
1913,79.9626020316
1914,79.9629692064
1915,79.9633493686
1916,79.9637421285
1917,79.964147096
1918,79.9645638811
1919,79.9649920934
1920,79.965431343
1921,79.9658812405
1922,79.9663413969
1923,79.9668114241
1924,79.967290935
1925,79.9677795435
1926,79.9682768651
1927,79.9687825165
1928,79.9692961163
1929,79.9698172849
1930,79.9703456447
1931,79.9708808202
1932,79.9714224383
1933,79.9719701283
1934,79.9725235221
1935,79.9730822545
1936,79.9736459632
1937,79.9742142887
1938,79.9747868749
1939,79.9753633691
1940,79.9759434217
1941,79.9765266869
1942,79.9771128225
1943,79.9777014902
1944,79.9782923554
1945,79.9788850878
1946,79.9794793609
1947,79.9800748526
1948,79.9806712451
1949,79.981268225
1950,79.9818654834
1951,79.982462716
1952,79.9830596231
1953,79.9836559097
1954,79.9842512859
1955,79.9848454664
1956,79.985438171
1957,79.9860291245
1958,79.9866180569
1959,79.987204703
1960,79.9877888032
1961,79.988370103
1962,79.9889483532
1963,79.9895233099
1964,79.9900947346
1965,79.9906623943
1966,79.9912260614
1967,79.9917855137
1968,79.9923405347
1969,79.9928909134
1970,79.9934364442
1971,79.9939769272
1972,79.9945121681
1973,79.9950419782
1974,79.9955661743
1975,79.9960845791
1976,79.9965970207
1977,79.9971033327
1978,79.9976033547
1979,79.9980969317
1980,79.9985839142
1981,79.9990641584
1982,79.9995375263
1983,80.0000038851
1984,80.0004631078
1985,80.0009150728
1986,80.0013596641
1987,80.0017967711
1988,80.0022262888
1989,80.0026481174
1990,80.0030621625
1991,80.0034683354
1992,80.0038665523
1993,80.0042567349
1994,80.00463881
1995,80.0050127098
1996,80.0053783714
1997,80.0057357372
1998,80.0060847545
1999,80.0064253757
2000,80.0067575581
