0,31.6992
1,31.40122752
2,31.1061532522
3,30.81404631
4,30.5249742198
5,30.2390029139
6,29.9561967232
7,29.6766183714
8,29.400328969
9,29.1273880081
10,28.8578533583
11,28.5917812622
12,28.3292263324
13,28.0702415482
14,27.8148782538
15,27.563186156
16,27.3152133235
17,27.0710061859
18,26.8306095336
19,26.5940665183
20,26.3614186538
21,26.1327058175
22,25.9079662525
23,25.6872365698
24,25.4705517514
25,25.2579451539
26,25.0494485123
27,24.8450919442
28,24.6449039556
29,24.4489114453
30,24.2571397114
31,24.0696124575
32,23.8863517996
33,23.7073782729
34,23.5327108403
35,23.3623668998
36,23.1963622935
37,23.0347113164
38,22.8774267261
39,22.7245197522
40,22.5760001069
41,22.4318759953
42,22.292154127
43,22.1568397268
44,22.0259365469
45,21.8994468789
46,21.7773715667
47,21.6597100186
48,21.5464602214
49,21.4376187532
50,21.3331807977
51,21.2331401585
52,21.1374892733
53,21.046219229
54,20.9593197766
55,20.876779347
56,20.7985850663
57,20.7247227723
58,20.6551770301
59,20.5899311494
60,20.5289672008
61,20.4722660329
62,20.4198072898
63,20.3715694283
64,20.3275297359
65,20.2876643487
66,20.2519482696
67,20.2203553864
68,20.1928584908
69,20.1694292969
70,20.1500384599
71,20.1346555958
72,20.1232493001
73,20.1157871674
74,20.1122358111
75,20.1125608831
76,20.1167270932
77,20.1246982297
78,20.136437179
79,20.151905946
80,20.1710656744
81,20.1938766668
82,20.2202984058
83,20.2502895737
84,20.2838080739
85,20.3208110511
86,20.3612549121
87,20.4050953468
88,20.4522873491
89,20.5027852372
90,20.5565426751
91,20.6135126935
92,20.6736477103
93,20.7368995519
94,20.803219474
95,20.8725581827
96,20.9448658552
97,21.020092161
98,21.0981862825
99,21.1790969359
100,21.2627723923
101,21.3491604981
102,21.438208696
103,21.5298640454
104,21.6240732432
105,21.7207826442
106,21.8199382819
107,21.9214858882
108,22.0253709142
109,22.1315385505
110,22.2399337467
111,22.3505012318
112,22.4631855343
113,22.5779310014
114,22.6946818189
115,22.8133820308
116,22.9339755588
117,23.0564062209
118,23.1806177515
119,23.3065538193
120,23.434158047
121,23.5633740294
122,23.6941453522
123,23.82641561
124,23.9601284249
125,24.095227464
126,24.2316564575
127,24.3693592164
128,24.5082796497
129,24.6483617818
130,24.7895497693
131,24.9317879185
132,25.0750207012
133,25.2191927718
134,25.3642489831
135,25.5101344028
136,25.6567943289
137,25.8041743055
138,25.9522201382
139,26.1008779089
140,26.2500939914
141,26.3998150653
142,26.5499881313
143,26.7005605247
144,26.8514799297
145,27.0026943933
146,27.1541523384
147,27.3058025776
148,27.4575943256
149,27.6094772126
150,27.7614012964
151,27.9133170746
152,28.0651754972
153,28.2169279776
154,28.3685264047
155,28.5199231536
156,28.6710710973
157,28.8219236167
158,28.9724346114
159,29.1225585101
160,29.27225028
161,29.4214654371
162,29.570160055
163,29.7182907746
164,29.8658148124
165,30.0126899697
166,30.1588746406
167,30.3043278199
168,30.4490091115
169,30.5928787352
170,30.7358975345
171,30.8780269836
172,31.0192291937
173,31.15946692
174,31.2987035674
175,31.4369031968
176,31.5740305308
177,31.7100509587
178,31.844930542
179,31.9786360192
180,32.1111348104
181,32.2423950215
182,32.3723854485
183,32.5010755812
184,32.628435607
185,32.7544364136
186,32.879049593
187,33.0022474433
188,33.1240029721
189,33.2442898981
190,33.3630826537
191,33.4803563863
192,33.5960869604
193,33.7102509584
194,33.8228256817
195,33.9337891519
196,34.0431201111
197,34.1507980222
198,34.2568030689
199,34.3611161561
200,34.4637189088
201,34.564593672
202,34.6637235099
203,34.7610922043
204,34.8566842541
205,34.9504848732
206,35.042479989
207,35.1326562407
208,35.2210009767
209,35.3075022526
210,35.3921488285
211,35.4749301664
212,35.5558364269
213,35.6348584666
214,35.711987834
215,35.7872167667
216,35.860538187
217,35.9319456985
218,36.0014335818
219,36.0689967899
220,36.1346309444
221,36.1983323299
222,36.2600978904
223,36.319925223
224,36.3778125738
225,36.433758832
226,36.4877635246
227,36.5398268108
228,36.5899494761
229,36.6381329263
230,36.6843791818
231,36.7286908709
232,36.7710712237
233,36.8115240655
234,36.8500538101
235,36.8866654534
236,36.921364566
237,36.9541572863
238,36.9850503138
239,37.0140509011
240,37.0411668472
241,37.0664064897
242,37.0897786973
243,37.1112928621
244,37.1309588915
245,37.1487872011
246,37.1647887059
247,37.1789748126
248,37.1913574115
249,37.2019488682
250,37.2107620152
251,37.2178101436
252,37.2231069947
253,37.2266667512
254,37.228504029
255,37.2286338682
256,37.2270717247
257,37.2238334611
258,37.2189353381
259,37.2123940055
260,37.2042264934
261,37.1944502033
262,37.1830828987
263,37.1701426967
264,37.1556480583
265,37.1396177798
266,37.1220709834
267,37.1030271081
268,37.0825059006
269,37.0605274063
270,37.0371119595
271,37.0122801749
272,36.986052938
273,36.9584513961
274,36.9294969488
275,36.899211239
276,36.8676161438
277,36.8347337649
278,36.8005864198
279,36.7651966327
280,36.7285871247
281,36.6907808053
282,36.6518007633
283,36.611670257
284,36.5704127062
285,36.528051682
286,36.4846108988
287,36.4401142048
288,36.3945855732
289,36.3480490932
290,36.3005289614
291,36.2520494728
292,36.2026350122
293,36.1523100452
294,36.1010991101
295,36.0490268086
296,35.9961177979
297,35.942396782
298,35.8878885029
299,35.8326177331
300,35.7766092665
301,35.7198879105
302,35.6624784781
303,35.6044057792
304,35.5456946135
305,35.4863697615
306,35.4264559777
307,35.3659779822
308,35.304960453
309,35.2434280189
310,35.1814052513
311,35.1189166575
312,35.0559866727
313,34.9926396532
314,34.9288998691
315,34.8647914971
316,34.8003386137
317,34.7355651883
318,34.6704950764
319,34.6051520129
320,34.5395596056
321,34.4737413284
322,34.4077205155
323,34.3415203546
324,34.275163881
325,34.2086739715
326,34.1420733383
327,34.0753845232
328,34.0086298923
329,33.9418316294
330,33.8750117316
331,33.8081920029
332,33.7413940496
333,33.6746392748
334,33.6079488733
335,33.5413438268
336,33.4748448989
337,33.4084726304
338,33.3422473347
339,33.2761890934
340,33.2103177516
341,33.1446529141
342,33.0792139408
343,33.0140199428
344,32.9490897787
345,32.8844420504
346,32.8200950998
347,32.756067005
348,32.6923755769
349,32.6290383558
350,32.5660726082
351,32.5034953241
352,32.4413232133
353,32.379572703
354,32.318259935
355,32.2574007632
356,32.1970107505
357,32.1371051673
358,32.0776989884
359,32.0188068913
360,31.9604432541
361,31.9026221535
362,31.8453573628
363,31.7886623506
364,31.7325502789
365,31.6770340018
366,31.622126064
367,31.5678386996
368,31.514183831
369,31.461173068
370,31.4088177064
371,31.3571287279
372,31.3061167987
373,31.2557922695
374,31.2061651747
375,31.157245232
376,31.1090418423
377,31.0615640894
378,31.0148207402
379,30.9688202441
380,30.9235707341
381,30.8790800263
382,30.8353556203
383,30.7924047001
384,30.7502341343
385,30.7088504767
386,30.6682599672
387,30.6284685328
388,30.5894817879
389,30.5513050361
390,30.5139432706
391,30.477401176
392,30.4416831293
393,30.406793201
394,30.3727351572
395,30.3395124607
396,30.3071282726
397,30.2755854545
398,30.2448865695
399,30.2150338849
400,30.1860293735
401,30.1578747162
402,30.1305713037
403,30.1041202386
404,30.0785223381
405,30.0537781362
406,30.0298878857
407,30.006851561
408,29.9846688609
409,29.9633392105
410,29.9428617645
411,29.9232354097
412,29.9044587676
413,29.8865301976
414,29.8694477998
415,29.8532094176
416,29.8378126415
417,29.8232548113
418,29.8095330198
419,29.796644116
420,29.784584708
421,29.7733511664
422,29.7629396278
423,29.7533459981
424,29.7445659555
425,29.7365949549
426,29.7294282305
427,29.7230607995
428,29.7174874663
429,29.7127028254
430,29.7087012653
431,29.7054769723
432,29.7030239341
433,29.7013359435
434,29.7004066024
435,29.7002293253
436,29.7007973433
437,29.702103708
438,29.7041412952
439,29.706902809
440,29.7103807856
441,29.7145675972
442,29.7194554562
443,29.7250364186
444,29.7313023888
445,29.738245123
446,29.7458562333
447,29.7541271919
448,29.763049335
449,29.7726138668
450,29.7828118636
451,29.7936342781
452,29.8050719429
453,29.8171155749
454,29.8297557794
455,29.8429830541
456,29.856787793
457,29.8711602905
458,29.8860907457
459,29.901569266
460,29.9175858714
461,29.9341304988
462,29.9511930052
463,29.9687631726
464,29.9868307112
465,30.0053852642
466,30.024416411
467,30.0439136716
468,30.0638665103
469,30.0842643398
470,30.1050965249
471,30.1263523865
472,30.1480212056
473,30.1700922267
474,30.192554662
475,30.215397695
476,30.2386104844
477,30.2621821674
478,30.2861018643
479,30.3103586811
480,30.3349417139
481,30.3598400523
482,30.3850427828
483,30.4105389928
484,30.4363177735
485,30.4623682241
486,30.4886794547
487,30.5152405898
488,30.542040772
489,30.5690691651
490,30.5963149574
491,30.623767365
492,30.6514156353
493,30.6792490497
494,30.7072569272
495,30.735428627
496,30.7637535525
497,30.7922211531
498,30.8208209282
499,30.8495424297
500,30.878375265
501,30.9073090997
502,30.9363336606
503,30.9654387384
504,30.9946141906
505,31.0238499438
506,31.0531359964
507,31.0824624218
508,31.1118193699
509,31.1411970705
510,31.1705858353
511,31.1999760602
512,31.229358228
513,31.2587229103
514,31.2880607701
515,31.3173625638
516,31.3466191433
517,31.3758214581
518,31.4049605576
519,31.4340275926
520,31.4630138177
521,31.4919105932
522,31.5207093863
523,31.5494017736
524,31.5779794426
525,31.6064341933
526,31.6347579398
527,31.6629427121
528,31.6909806572
529,31.7188640413
530,31.7465852503
531,31.7741367921
532,31.8015112971
533,31.82870152
534,31.855700341
535,31.8825007665
536,31.9090959307
537,31.9354790966
538,31.9616436568
539,31.9875831345
540,32.0132911845
541,32.0387615941
542,32.0639882839
543,32.0889653083
544,32.1136868565
545,32.1381472531
546,32.1623409586
547,32.1862625701
548,32.2099068215
549,32.2332685845
550,32.2563428685
551,32.2791248213
552,32.3016097291
553,32.323793017
554,32.3456702493
555,32.3672371294
556,32.3884895
557,32.4094233434
558,32.4300347813
559,32.4503200748
560,32.4702756244
561,32.4898979701
562,32.5091837909
563,32.5281299046
564,32.5467332681
565,32.5649909765
566,32.5829002631
567,32.600458499
568,32.6176631927
569,32.6345119896
570,32.6510026716
571,32.6671331566
572,32.6829014976
573,32.6983058827
574,32.713344634
575,32.7280162071
576,32.7423191902
577,32.7562523038
578,32.7698143995
579,32.7830044591
580,32.7958215941
581,32.8082650449
582,32.8203341791
583,32.8320284916
584,32.8433476028
585,32.854291258
586,32.8648593262
587,32.8750517989
588,32.8848687894
589,32.8943105311
590,32.903377377
591,32.9120697977
592,32.9203883808
593,32.9283338297
594,32.9359069616
595,32.9431087071
596,32.9499401082
597,32.9564023173
598,32.9624965957
599,32.9682243123
600,32.9735869419
601,32.9785860642
602,32.9832233621
603,32.9875006201
604,32.991419723
605,32.9949826543
606,32.9981914947
607,33.0010484205
608,33.003555702
609,33.005715702
610,33.0075308742
611,33.0090037615
612,33.0101369943
613,33.0109332892
614,33.0113954469
615,33.0115263507
616,33.011328965
617,33.0108063335
618,33.0099615772
619,33.0087978931
620,33.0073185523
621,33.0055268983
622,33.0034263453
623,33.0010203762
624,32.9983125412
625,32.9953064558
626,32.9920057994
627,32.9884143129
628,32.9845357975
629,32.9803741127
630,32.9759331744
631,32.9712169534
632,32.9662294735
633,32.9609748096
634,32.9554570861
635,32.9496804749
636,32.9436491938
637,32.9373675048
638,32.9308397121
639,32.9240701603
640,32.917063233
641,32.9098233506
642,32.9023549686
643,32.8946625762
644,32.8867506941
645,32.8786238731
646,32.8702866921
647,32.8617437565
648,32.8529996965
649,32.844059165
650,32.8349268366
651,32.8256074053
652,32.8161055831
653,32.806426098
654,32.7965736927
655,32.7865531228
656,32.7763691551
657,32.7660265658
658,32.7555301393
659,32.744884666
660,32.7340949415
661,32.723165764
662,32.7121019336
663,32.7009082501
664,32.6895895121
665,32.6781505146
666,32.6665960484
667,32.654930898
668,32.6431598402
669,32.6312876426
670,32.6193190626
671,32.6072588452
672,32.5951117221
673,32.5828824103
674,32.5705756104
675,32.5581960054
676,32.5457482593
677,32.533237016
678,32.5206668975
679,32.5080425032
680,32.4953684081
681,32.4826491617
682,32.469889287
683,32.4570932789
684,32.4442656033
685,32.4314106958
686,32.4185329604
687,32.4056367688
688,32.3927264587
689,32.3798063331
690,32.3668806592
691,32.3539536671
692,32.3410295491
693,32.3281124583
694,32.3152065082
695,32.3023157709
696,32.289444277
697,32.276596014
698,32.263774926
699,32.2509849122
700,32.2382298266
701,32.2255134769
702,32.2128396234
703,32.2002119791
704,32.1876342077
705,32.1751099241
706,32.1626426927
707,32.1502360273
708,32.1378933901
709,32.1256181913
710,32.1134137882
711,32.1012834849
712,32.0892305313
713,32.077258123
714,32.0653694006
715,32.0535674489
716,32.0418552967
717,32.0302359165
718,32.0187122235
719,32.0072870758
720,31.9959632733
721,31.9847435582
722,31.9736306138
723,31.9626270645
724,31.9517354759
725,31.9409583535
726,31.9302981437
727,31.9197572323
728,31.9093379453
729,31.8990425479
730,31.8888732451
731,31.8788321808
732,31.8689214379
733,31.8591430386
734,31.8494989436
735,31.8399910525
736,31.8306212038
737,31.8213911744
738,31.81230268
739,31.8033573748
740,31.794556852
741,31.7859026432
742,31.7773962189
743,31.7690389885
744,31.7608323004
745,31.752777442
746,31.7448756398
747,31.7371280599
748,31.7295358078
749,31.7220999289
750,31.7148214083
751,31.7077011714
752,31.7007400842
753,31.6939389529
754,31.6872985252
755,31.6808194897
756,31.6745024767
757,31.6683480583
758,31.6623567488
759,31.6565290053
760,31.6508652276
761,31.645365759
762,31.6400308865
763,31.6348608413
764,31.6298557992
765,31.6250158809
766,31.620341153
767,31.6158316276
768,31.6114872635
769,31.6073079665
770,31.6032935898
771,31.5994439347
772,31.5957587508
773,31.5922377371
774,31.5888805421
775,31.5856867643
776,31.5826559535
777,31.5797876104
778,31.5770811879
779,31.5745360915
780,31.5721516801
781,31.569927266
782,31.5678621165
783,31.5659554537
784,31.5642064557
785,31.562614257
786,31.5611779492
787,31.559896582
788,31.5587691632
789,31.5577946602
790,31.556972
791,31.5563000706
792,31.5557777211
793,31.5554037627
794,31.5551769694
795,31.5550960788
796,31.5551597928
797,31.5553667783
798,31.5557156678
799,31.5562050607
800,31.5568335232
801,31.5575995899
802,31.5585017641
803,31.5595385187
804,31.5607082968
805,31.5620095128
806,31.5634405529
807,31.5649997759
808,31.5666855142
809,31.5684960744
810,31.5704297379
811,31.5724847621
812,31.574659381
813,31.5769518057
814,31.5793602258
815,31.5818828095
816,31.5845177048
817,31.5872630404
818,31.590116926
819,31.5930774535
820,31.5961426976
821,31.5993107165
822,31.602579553
823,31.6059472349
824,31.6094117761
825,31.612971177
826,31.6166234256
827,31.6203664981
828,31.6241983598
829,31.6281169655
830,31.6321202609
831,31.6362061825
832,31.6403726593
833,31.6446176126
834,31.6489389575
835,31.6533346032
836,31.6578024539
837,31.6623404093
838,31.6669463657
839,31.6716182165
840,31.6763538527
841,31.6811511641
842,31.6860080395
843,31.6909223678
844,31.6958920381
845,31.7009149413
846,31.7059889697
847,31.7111120186
848,31.7162819864
849,31.7214967754
850,31.7267542923
851,31.7320524493
852,31.7373891642
853,31.7427623613
854,31.7481699718
855,31.7536099347
856,31.7590801973
857,31.7645787155
858,31.7701034548
859,31.7756523908
860,31.7812235093
861,31.7868148075
862,31.792424294
863,31.79804999
864,31.803689929
865,31.809342158
866,31.8150047376
867,31.8206757427
868,31.8263532631
869,31.8320354035
870,31.8377202847
871,31.8434060434
872,31.849090833
873,31.8547728239
874,31.8604502043
875,31.86612118
876,31.8717839753
877,31.8774368332
878,31.883078016
879,31.8887058054
880,31.8943185031
881,31.8999144312
882,31.9054919321
883,31.9110493696
884,31.9165851287
885,31.9220976159
886,31.92758526
887,31.9330465118
888,31.9384798449
889,31.9438837556
890,31.9492567637
891,31.9545974119
892,31.9599042672
893,31.96517592
894,31.9704109852
895,31.975608102
896,31.9807659342
897,31.9858831705
898,31.9909585245
899,31.9959907353
900,32.000978567
901,32.0059208096
902,32.0108162787
903,32.0156638158
904,32.0204622883
905,32.0252105899
906,32.0299076405
907,32.0345523863
908,32.0391438002
909,32.0436808815
910,32.0481626561
911,32.0525881767
912,32.056956523
913,32.0612668011
914,32.0655181443
915,32.0697097128
916,32.0738406938
917,32.0779103011
918,32.0819177761
919,32.0858623866
920,32.0897434276
921,32.0935602212
922,32.0973121163
923,32.1009984886
924,32.1046187408
925,32.1081723024
926,32.1116586295
927,32.115077205
928,32.1184275384
929,32.1217091657
930,32.1249216493
931,32.1280645779
932,32.1311375667
933,32.1341402566
934,32.1370723147
935,32.139933434
936,32.1427233332
937,32.1454417564
938,32.1480884735
939,32.1506632794
940,32.1531659941
941,32.1555964627
942,32.157954555
943,32.1602401654
944,32.1624532127
945,32.1645936398
946,32.1666614137
947,32.1686565253
948,32.1705789888
949,32.1724288421
950,32.1742061459
951,32.1759109841
952,32.1775434631
953,32.1791037117
954,32.180591881
955,32.1820081441
956,32.1833526955
957,32.1846257515
958,32.1858275493
959,32.186958347
960,32.1880184234
961,32.1890080776
962,32.1899276288
963,32.1907774159
964,32.1915577974
965,32.1922691508
966,32.1929118727
967,32.1934863781
968,32.1939931005
969,32.1944324913
970,32.1948050195
971,32.1951111714
972,32.1953514507
973,32.1955263775
974,32.1956364884
975,32.1956823361
976,32.195664489
977,32.1955835312
978,32.1954400616
979,32.1952346939
980,32.1949680564
981,32.1946407916
982,32.1942535554
983,32.1938070175
984,32.1933018604
985,32.1927387797
986,32.1921184832
987,32.1914416907
988,32.190709134
989,32.189921556
990,32.1890797109
991,32.1881843634
992,32.1872362888
993,32.1862362721
994,32.1851851082
995,32.1840836013
996,32.1829325645
997,32.1817328196
998,32.1804851967
999,32.1791905338
1000,32.1778496765
1001,32.1764634776
1002,32.1970222291
1003,32.2393200966
1004,32.3031460843
1005,32.3882841498
1006,32.49451332
1007,32.6216078069
1008,32.7693371249
1009,32.9374662075
1010,33.1257555251
1011,33.333961203
1012,33.5618351394
1013,33.8091251244
1014,34.0755749587
1015,34.3609245725
1016,34.664910145
1017,34.9872642234
1018,35.3277158429
1019,35.6859906456
1020,36.0618110003
1021,36.4548961222
1022,36.8649621919
1023,37.2917224749
1024,37.734887441
1025,38.1941648829
1026,38.6692600354
1027,39.1598756936
1028,39.6657123313
1029,40.1864682189
1030,40.7218395412
1031,41.271520514
1032,41.8352035016
1033,42.4125791324
1034,43.0033364152
1035,43.6071628542
1036,44.2237445637
1037,44.8527663825
1038,45.493911987
1039,46.1468640043
1040,46.8113041244
1041,47.4869132114
1042,48.1733714143
1043,48.8703582769
1044,49.5775528473
1045,50.2946337855
1046,51.0212794713
1047,51.7571681107
1048,52.5019778417
1049,53.2553868388
1050,54.0170734167
1051,54.7867161333
1052,55.5639938912
1053,56.3485860387
1054,57.1401724691
1055,57.9384337193
1056,58.7430510677
1057,59.5537066299
1058,60.3700834544
1059,61.1918656165
1060,62.0187383109
1061,62.8503879436
1062,63.6865022222
1063,64.5267702453
1064,65.37088259
1065,66.2185313989
1066,67.0694104651
1067,67.9232153168
1068,68.7796432993
1069,69.638393657
1070,70.4991676129
1071,71.3616684478
1072,72.2256015769
1073,73.0906746265
1074,73.9565975077
1075,74.82308249
1076,75.6898442728
1077,76.5566000552
1078,77.4230696057
1079,78.2889753283
1080,79.1540423295
1081,80.0179984818
1082,80.8805744869
1083,81.7415039374
1084,82.6005233761
1085,83.457372355
1086,84.3117934918
1087,85.1635325257
1088,86.0123383707
1089,86.8579631686
1090,87.7001623395
1091,88.5386946312
1092,89.373322167
1093,90.2038104922
1094,91.0299286185
1095,91.8514490673
1096,92.6681479118
1097,93.4798048167
1098,94.286203077
1099,95.0871296552
1100,95.882375217
1101,96.671734165
1102,97.4550046717
1103,98.2319887103
1104,99.0024920843
1105,99.7663244554
1106,100.52329937
1107,101.273234286
1108,102.015950591
1109,102.751273633
1110,103.479032732
1111,104.199061205
1112,104.911196382
1113,105.615279621
1114,106.311156324
1115,106.998675951
1116,107.677692029
1117,108.348062166
1118,109.009648059
1119,109.662315497
1120,110.305934376
1121,110.940378695
1122,111.565526567
1123,112.181260215
1124,112.787465976
1125,113.384034299
1126,113.970859747
1127,114.547840987
1128,115.11488079
1129,115.671886025
1130,116.218767652
1131,116.755440711
1132,117.281824316
1133,117.797841641
1134,118.30341991
1135,118.798490384
1136,119.282988346
1137,119.756853084
1138,120.220027876
1139,120.672459973
1140,121.114100577
1141,121.544904823
1142,121.964831757
1143,122.373844317
1144,122.771909303
1145,123.158997358
1146,123.535082943
1147,123.900144305
1148,124.254163457
1149,124.597126143
1150,124.929021815
1151,125.249843595
1152,125.559588254
1153,125.85825617
1154,126.145851301
1155,126.422381151
1156,126.687856731
1157,126.942292529
1158,127.185706472
1159,127.418119888
1160,127.639557466
1161,127.850047224
1162,128.049620464
1163,128.238311735
1164,128.416158789
1165,128.583202546
1166,128.739487044
1167,128.885059403
1168,129.01996978
1169,129.144271321
1170,129.258020124
1171,129.361275189
1172,129.454098374
1173,129.536554347
1174,129.608710545
1175,129.670637121
1176,129.7224069
1177,129.76409533
1178,129.795780435
1179,129.817542766
1180,129.82946535
1181,129.831633644
1182,129.824135482
1183,129.807061029
1184,129.780502725
1185,129.744555241
1186,129.699315423
1187,129.644882243
1188,129.581356749
1189,129.50884201
1190,129.427443068
1191,129.337266884
1192,129.238422286
1193,129.131019918
1194,129.015172187
1195,128.890993209
1196,128.758598762
1197,128.618106227
1198,128.469634539
1199,128.313304133
1200,128.149236893
1201,127.977556098
1202,127.798386372
1203,127.611853627
1204,127.418085015
1205,127.217208872
1206,127.009354668
1207,126.794652957
1208,126.573235319
1209,126.345234312
1210,126.110783421
1211,125.870017005
1212,125.623070245
1213,125.370079093
1214,125.111180224
1215,124.84651098
1216,124.576209324
1217,124.300413788
1218,124.019263423
1219,123.732897749
1220,123.441456708
1221,123.14508061
1222,122.84391009
1223,122.538086055
1224,122.22774964
1225,121.913042156
1226,121.594105046
1227,121.271079837
1228,120.944108092
1229,120.613331368
1230,120.278891165
1231,119.940928885
1232,119.599585783
1233,119.255002929
1234,118.907321158
1235,118.556681028
1236,118.203222778
1237,117.847086289
1238,117.488411033
1239,117.127336041
1240,116.763999857
1241,116.398540497
1242,116.031095414
1243,115.661801453
1244,115.290794816
1245,114.918211021
1246,114.544184869
1247,114.168850401
1248,113.792340866
1249,113.414788683
1250,113.036325406
1251,112.65708169
1252,112.277187256
1253,111.896770858
1254,111.515960252
1255,111.134882158
1256,110.753662237
1257,110.372425052
1258,109.991294041
1259,109.61039149
1260,109.229838497
1261,108.849754952
1262,108.470259503
1263,108.09146953
1264,107.713501121
1265,107.336469044
1266,106.960486723
1267,106.585666213
1268,106.212118175
1269,105.839951855
1270,105.469275062
1271,105.100194141
1272,104.73281396
1273,104.367237882
1274,104.003567751
1275,103.641903867
1276,103.282344974
1277,102.924988238
1278,102.56992923
1279,102.217261912
1280,101.867078618
1281,101.519470043
1282,101.174525223
1283,100.832331527
1284,100.492974641
1285,100.156538556
1286,99.8231055546
1287,99.492756203
1288,99.1655693382
1289,98.8416220595
1290,98.5209897184
1291,98.2037459106
1292,97.8899624681
1293,97.5797094518
1294,97.2730551451
1295,96.9700660479
1296,96.6708068713
1297,96.3753405329
1298,96.0837281525
1299,95.7960290491
1300,95.5123007378
1301,95.2325989275
1302,94.9569775195
1303,94.6854886063
1304,94.4181824712
1305,94.1551075886
1306,93.8963106246
1307,93.6418364382
1308,93.3917280837
1309,93.1460268125
1310,92.9047720765
1311,92.6680015318
1312,92.4357510424
1313,92.2080546853
1314,91.9849447555
1315,91.7664517714
1316,91.5526044819
1317,91.3434298724
1318,91.1389531723
1319,90.9391978628
1320,90.7441856854
1321,90.5539366503
1322,90.3684690459
1323,90.1877994482
1324,90.0119427314
1325,89.8409120783
1326,89.6747189914
1327,89.5133733044
1328,89.3568831942
1329,89.2052551935
1330,89.0584942033
1331,88.9166035062
1332,88.7795847802
1333,88.6474381124
1334,88.5201620138
1335,88.397753434
1336,88.2802077759
1337,88.1675189118
1338,88.0596791992
1339,87.9566794967
1340,87.8585091806
1341,87.7651561622
1342,87.6766069047
1343,87.5928464405
1344,87.5138583897
1345,87.4396249774
1346,87.3701270527
1347,87.3053441072
1348,87.245254294
1349,87.1898344466
1350,87.139060099
1351,87.0929055047
1352,87.0513436572
1353,87.0143463098
1354,86.9818839962
1355,86.9539260512
1356,86.9304406312
1357,86.9113947351
1358,86.8967542263
1359,86.8864838528
1360,86.8805472698
1361,86.8789070609
1362,86.8815247598
1363,86.8883608727
1364,86.8993749
1365,86.9145253586
1366,86.9337698044
1367,86.9570648547
1368,86.9843662106
1369,87.0156286799
1370,87.0508061996
1371,87.0898518587
1372,87.1327179211
1373,87.1793558488
1374,87.2297163245
1375,87.2837492747
1376,87.3414038929
1377,87.4026286625
1378,87.4673713802
1379,87.5355791786
1380,87.60719855
1381,87.6821753689
1382,87.7604549155
1383,87.8419818986
1384,87.9267004787
1385,88.0145542911
1386,88.1054864688
1387,88.1994396656
1388,88.2963560787
1389,88.396177472
1390,88.4988451983
1391,88.6043002225
1392,88.7124831439
1393,88.8233342188
1394,88.9367933831
1395,89.0528002744
1396,89.1712942543
1397,89.2922144306
1398,89.415499679
1399,89.5410886656
1400,89.668919868
1401,89.798931597
1402,89.9310620185
1403,90.0652491743
1404,90.2014310036
1405,90.3395453638
1406,90.4795300514
1407,90.6213228229
1408,90.7648614148
1409,90.9100835642
1410,91.0569270292
1411,91.2053296082
1412,91.3552291603
1413,91.5065636243
1414,91.6592710385
1415,91.8132895594
1416,91.9685574812
1417,92.1250132538
1418,92.2825955018
1419,92.4412430427
1420,92.6008949047
1421,92.7614903446
1422,92.9229688656
1423,93.0852702343
1424,93.248334498
1425,93.4121020015
1426,93.5765134035
1427,93.7415096932
1428,93.9070322064
1429,94.073022641
1430,94.2394230729
1431,94.4061759711
1432,94.5732242129
1433,94.7405110984
1434,94.9079803654
1435,95.0755762033
1436,95.2432432671
1437,95.410926691
1438,95.5785721023
1439,95.7461256336
1440,95.9135339366
1441,96.0807441939
1442,96.2477041317
1443,96.4143620315
1444,96.580666742
1445,96.7465676902
1446,96.912014893
1447,97.0769589676
1448,97.2413511419
1449,97.4051432653
1450,97.568287818
1451,97.7307379211
1452,97.8924473458
1453,98.0533705222
1454,98.2134625485
1455,98.3726791991
1456,98.5309769329
1457,98.6883129013
1458,98.8446449555
1459,98.9999316538
1460,99.154132269
1461,99.3072067945
1462,99.459115951
1463,99.6098211929
1464,99.7592847132
1465,99.9074694502
1466,100.054339092
1467,100.199858081
1468,100.343991619
1469,100.486705673
1470,100.627966978
1471,100.767743038
1472,100.906002135
1473,101.042713328
1474,101.177846458
1475,101.311372151
1476,101.443261817
1477,101.573487657
1478,101.702022661
1479,101.82884061
1480,101.953916081
1481,102.077224443
1482,102.198741861
1483,102.318445294
1484,102.4363125
1485,102.552322028
1486,102.666453227
1487,102.778686238
1488,102.889001998
1489,102.997382234
1490,103.103809468
1491,103.20826701
1492,103.31073896
1493,103.411210204
1494,103.509666411
1495,103.606094033
1496,103.700480301
1497,103.79281322
1498,103.883081571
1499,103.971274902
1500,104.057383529
1501,104.141398527
1502,104.223311732
1503,104.303115732
1504,104.380803866
1505,104.456370215
1506,104.529809602
1507,104.601117585
1508,104.670290451
1509,104.737325209
1510,104.80221959
1511,104.864972037
1512,104.925581697
1513,104.984048421
1514,105.040372753
1515,105.094555924
1516,105.146599849
1517,105.196507113
1518,105.244280972
1519,105.289925342
1520,105.333444791
1521,105.374844532
1522,105.414130419
1523,105.451308933
1524,105.48638718
1525,105.519372881
1526,105.55027436
1527,105.579100544
1528,105.605860948
1529,105.630565667
1530,105.653225373
1531,105.673851299
1532,105.692455235
1533,105.709049518
1534,105.723647022
1535,105.736261152
1536,105.746905831
1537,105.755595492
1538,105.76234507
1539,105.767169992
1540,105.770086167
1541,105.771109978
1542,105.770258268
1543,105.767548338
1544,105.76299793
1545,105.75662522
1546,105.748448811
1547,105.738487716
1548,105.726761357
1549,105.713289548
1550,105.698092488
1551,105.681190751
1552,105.662605276
1553,105.642357355
1554,105.620468625
1555,105.596961057
1556,105.571856947
1557,105.545178904
1558,105.516949841
1559,105.487192964
1560,105.455931764
1561,105.423190004
1562,105.38899171
1563,105.353361161
1564,105.316322879
1565,105.27790162
1566,105.238122359
1567,105.197010288
1568,105.154590797
1569,105.110889472
1570,105.065932078
1571,105.019744556
1572,104.972353005
1573,104.92378368
1574,104.874062977
1575,104.823217424
1576,104.771273675
1577,104.718258494
1578,104.66419875
1579,104.609121405
1580,104.553053507
1581,104.496022177
1582,104.438054602
1583,104.379178026
1584,104.319419738
1585,104.258807066
1586,104.197367365
1587,104.135128009
1588,104.072116384
1589,104.008359876
1590,103.943885862
1591,103.878721704
1592,103.81289474
1593,103.746432271
1594,103.679361558
1595,103.611709811
1596,103.543504181
1597,103.47477175
1598,103.405539528
1599,103.335834437
1600,103.265683311
1601,103.195112884
1602,103.124149782
1603,103.052820516
1604,102.981151477
1605,102.909168923
1606,102.836898979
1607,102.764367623
1608,102.691600683
1609,102.618623826
1610,102.545462559
1611,102.472142213
1612,102.398687941
1613,102.325124713
1614,102.251477307
1615,102.177770301
1616,102.104028071
1617,102.030274784
1618,101.956534391
1619,101.882830618
1620,101.809186969
1621,101.735626712
1622,101.662172877
1623,101.588848252
1624,101.515675374
1625,101.44267653
1626,101.369873744
1627,101.297288781
1628,101.224943135
1629,101.152858028
1630,101.081054407
1631,101.009552935
1632,100.938373992
1633,100.867537669
1634,100.797063761
1635,100.726971768
1636,100.657280891
1637,100.588010024
1638,100.519177755
1639,100.450802363
1640,100.382901811
1641,100.315493746
1642,100.248595497
1643,100.182224068
1644,100.116396142
1645,100.051128072
1646,99.9864358822
1647,99.9223352654
1648,99.8588415808
1649,99.7959698515
1650,99.7337347634
1651,99.6721506632
1652,99.6112315568
1653,99.550991108
1654,99.491442637
1655,99.4325991194
1656,99.3744731851
1657,99.3170771173
1658,99.2604228516
1659,99.2045219755
1660,99.1493857277
1661,99.0950249975
1662,99.0414503247
1663,98.9886718993
1664,98.9366995611
1665,98.8855428
1666,98.8352107563
1667,98.7857122202
1668,98.7370556329
1669,98.6892490867
1670,98.6423003253
1671,98.5962167451
1672,98.5510053953
1673,98.5066729792
1674,98.463225855
1675,98.4206700369
1676,98.3790111963
1677,98.338254663
1678,98.2984054268
1679,98.2594681386
1680,98.2214471124
1681,98.1843463266
1682,98.148169426
1683,98.1129197233
1684,98.0786002018
1685,98.0452135165
1686,98.0127619967
1687,97.9812476483
1688,97.950672156
1689,97.9210368852
1690,97.8923428854
1691,97.8645908918
1692,97.8377813284
1693,97.8119143107
1694,97.7869896483
1695,97.7630068477
1696,97.7399651155
1697,97.717863361
1698,97.6967001994
1699,97.6764739553
1700,97.6571826651
1701,97.638824081
1702,97.6213956737
1703,97.6048946364
1704,97.5893178877
1705,97.5746620751
1706,97.5609235792
1707,97.5480985163
1708,97.5361827429
1709,97.525171859
1710,97.5150612118
1711,97.5058458998
1712,97.4975207763
1713,97.4900804535
1714,97.4835193065
1715,97.477831477
1716,97.4730108776
1717,97.4690511955
1718,97.465945897
1719,97.4636882313
1720,97.4622712349
1721,97.4616877355
1722,97.4619303566
1723,97.4629915212
1724,97.4648634566
1725,97.4675381983
1726,97.4710075948
1727,97.4752633112
1728,97.4802968343
1729,97.4860994764
1730,97.4926623803
1731,97.4999765228
1732,97.5080327203
1733,97.5168216321
1734,97.5263337655
1735,97.5365594802
1736,97.5474889925
1737,97.55911238
1738,97.571419586
1739,97.5844004239
1740,97.5980445816
1741,97.6123416263
1742,97.6272810088
1743,97.6428520677
1744,97.6590440342
1745,97.6758460367
1746,97.6932471046
1747,97.7112361734
1748,97.7298020889
1749,97.7489336115
1750,97.7686194208
1751,97.7888481198
1752,97.8096082395
1753,97.8308882431
1754,97.8526765304
1755,97.8749614422
1756,97.8977312644
1757,97.9209742324
1758,97.9446785356
1759,97.9688323213
1760,97.9934236989
1761,98.0184407443
1762,98.0438715041
1763,98.0697039996
1764,98.0959262306
1765,98.1225261802
1766,98.1494918183
1767,98.1768111056
1768,98.2044719978
1769,98.2324624495
1770,98.260770418
1771,98.2893838673
1772,98.3182907719
1773,98.3474791203
1774,98.3769369192
1775,98.4066521972
1776,98.4366130079
1777,98.4668074343
1778,98.4972235917
1779,98.5278496319
1780,98.5586737461
1781,98.5896841688
1782,98.620869181
1783,98.6522171135
1784,98.6837163506
1785,98.7153553327
1786,98.7471225603
1787,98.7790065966
1788,98.810996071
1789,98.8430796819
1790,98.8752461998
1791,98.9074844703
1792,98.9397834173
1793,98.9721320452
1794,99.0045194426
1795,99.0369347842
1796,99.069367334
1797,99.1018064482
1798,99.1342415771
1799,99.1666622683
1800,99.1990581687
1801,99.2314190274
1802,99.2637346978
1803,99.29599514
1804,99.3281904231
1805,99.3603107274
1806,99.3923463466
1807,99.4242876898
1808,99.4561252838
1809,99.4878497748
1810,99.5194519306
1811,99.5509226421
1812,99.5822529257
1813,99.6134339246
1814,99.6444569107
1815,99.6753132861
1816,99.7059945849
1817,99.7364924748
1818,99.7667987582
1819,99.7969053741
1820,99.826804399
1821,99.8564880485
1822,99.8859486788
1823,99.9151787871
1824,99.9441710136
1825,99.9729181422
1826,100.001413101
1827,100.029648966
1828,100.057618956
1829,100.08531644
1830,100.112734936
1831,100.139868108
1832,100.166709774
1833,100.193253898
1834,100.219494597
1835,100.245426141
1836,100.271042949
1837,100.296339595
1838,100.321310804
1839,100.345951456
1840,100.370256581
1841,100.394221367
1842,100.417841153
1843,100.441111431
1844,100.46402785
1845,100.48658621
1846,100.508782468
1847,100.530612731
1848,100.552073263
1849,100.57316048
1850,100.59387095
1851,100.614201397
1852,100.634148695
1853,100.653709872
1854,100.672882107
1855,100.691662729
1856,100.710049222
1857,100.728039215
1858,100.745630492
1859,100.762820981
1860,100.779608762
1861,100.795992062
1862,100.811969253
1863,100.827538856
1864,100.842699534
1865,100.857450098
1866,100.871789499
1867,100.885716833
1868,100.899231336
1869,100.912332384
1870,100.925019495
1871,100.937292323
1872,100.949150658
1873,100.960594429
1874,100.971623698
1875,100.982238661
1876,100.992439645
1877,101.00222711
1878,101.011601643
1879,101.020563962
1880,101.029114908
1881,101.037255453
1882,101.044986687
1883,101.052309826
1884,101.059226206
1885,101.065737282
1886,101.071844628
1887,101.077549933
1888,101.082855002
1889,101.087761752
1890,101.09227221
1891,101.096388517
1892,101.100112918
1893,101.103447766
1894,101.106395519
1895,101.108958736
1896,101.111140079
1897,101.11294231
1898,101.114368286
1899,101.115420961
1900,101.116103383
1901,101.116418692
1902,101.116370118
1903,101.115960981
1904,101.115194684
1905,101.114074717
1906,101.112604654
1907,101.110788146
1908,101.108628925
1909,101.106130802
1910,101.103297659
1911,101.100133453
1912,101.096642214
1913,101.092828037
1914,101.088695089
1915,101.084247597
1916,101.079489857
1917,101.074426221
1918,101.069061105
1919,101.06339898
1920,101.057444372
1921,101.051201862
1922,101.044676081
1923,101.037871711
1924,101.030793481
1925,101.023446166
1926,101.015834584
1927,101.007963595
1928,100.999838099
1929,100.991463033
1930,100.982843371
1931,100.97398412
1932,100.964890321
1933,100.955567042
1934,100.946019381
1935,100.936252463
1936,100.926271436
1937,100.916081471
1938,100.905687759
1939,100.895095511
1940,100.884309955
1941,100.873336332
1942,100.862179899
1943,100.850845921
1944,100.839339677
1945,100.827666449
1946,100.81583153
1947,100.803840213
1948,100.791697795
1949,100.779409575
1950,100.76698085
1951,100.754416915
1952,100.741723058
1953,100.728904565
1954,100.715966712
1955,100.702914766
1956,100.689753983
1957,100.676489607
1958,100.663126868
1959,100.64967098
1960,100.636127138
1961,100.622500523
1962,100.60879629
1963,100.595019577
1964,100.581175496
1965,100.567269135
1966,100.553305557
1967,100.539289797
1968,100.52522686
1969,100.511121722
1970,100.496979329
1971,100.48280459
1972,100.468602383
1973,100.454377551
1974,100.440134898
1975,100.425879193
1976,100.411615163
1977,100.397347496
1978,100.38308084
1979,100.368819799
1980,100.354568933
1981,100.340332758
1982,100.326115745
1983,100.311922317
1984,100.297756851
1985,100.283623672
1986,100.269527058
1987,100.255471235
1988,100.24146038
1989,100.227498613
1990,100.213590005
1991,100.199738571
1992,100.185948271
1993,100.17222301
1994,100.158566635
1995,100.144982938
1996,100.131475651
1997,100.118048449
1998,100.104704947
1999,100.0914487
2000,100.078283202
