233.16
233.16
233.16
233.16
233.16
233.16
233.16
233.16
233.16
233.16
233.16
233.16
233.16
233.16
233.16
233.16
233.16
233.16
233.16
233.16
233.16
233.16
233.16
233.16
233.16
233.16
233.16
233.16
233.16
233.16
233.16
233.16
233.16
233.16
233.16
233.16
233.16
233.16
233.16
233.16
233.16
233.16
233.16
233.16
233.16
233.16
233.16
233.16
233.16
233.16
233.16
233.16
233.16
233.16
233.16
233.16
233.16
233.16
233.16
233.16
233.16
233.16
233.16
233.16
233.16
233.16
233.16
233.16
233.16
233.16
233.16
233.16
233.16
233.16
145
145
145
145
145
145
145
145
145
145
145
145
145
145
145
145
145
145
145
145
145
145
60
60
60
60
60
60
60
60
60
60
60
60
60
60
60
60
60
60
60
60
60
60
60
60
60
60
60
60
60
60
60
60
60
60
60
60
60
60
60
60
60
60
60
60
60
60
60
60
60
60
60
60
60
60
60
60
60
60
60
60
60
60
60
60
60
60
60
60
60
60
60
60
60
60
60
60
60
