149.64
149.64
149.64
149.64
149.64
149.64
149.64
149.64
149.64
149.64
149.64
149.64
149.64
149.64
149.64
149.64
149.64
149.64
149.06
149.64
149.64
149.64
149.64
149.64
149.64
149.64
149.64
149.64
149.64
149.64
149.64
149.64
162.11
179.8
197.49
201.55
201.55
201.55
201.55
201.55
201.55
201.55
201.55
201.55
201.55
201.55
201.55
201.55
201.55
201.55
201.55
201.55
201.55
201.55
201.55
201.55
201.55
201.55
201.55
201.55
201.55
201.55
201.55
201.55
201.55
201.55
201.55
201.55
201.55
201.55
201.55
201.55
201.55
201.55
201.26
201.55
201.55
201.55
201.55
201.55
201.55
201.55
201.55
201.55
201.55
201.55
201.55
201.55
201.55
201.55
201.55
201.84
201.26
201.55
201.55
201.55
201.55
201.55
201.55
201.55
201.55
201.55
201.55
201.55
201.55
201.55
201.55
201.55
201.55
201.55
201.55
201.55
201.55
201.55
201.55
201.55
201.55
201.55
201.55
201.55
201.55
201.55
201.55
201.55
201.55
201.55
201.55
201.55
201.55
201.55
201.55
201.55
201.55
201.55
201.55
201.55
201.55
201.55
201.55
201.55
201.55
189.66
171.97
154.57
149.93
149.64
149.64
149.64
149.64
149.64
149.64
149.64
149.64
149.64
149.64
149.64
149.64
149.64
149.64
149.64
149.64
149.64
149.64
149.64
149.64
149.64
149.64
149.64
149.64
149.64
149.64
149.64
149.64
