25.665
25.52
25.665
25.665
25.665
25.665
25.665
25.665
25.52
25.52
26.825
34.8
44.225
56.26
71.92
83.23
87.725
89.61
89.755
89.9
90.19
90.48
90.48
90.77
90.77
90.77
90.915
91.205
89.9
89.61
89.32
89.755
90.045
90.045
90.045
90.045
90.045
90.045
90.045
90.045
90.045
90.045
90.045
90.045
90.045
90.045
90.045
90.045
90.045
90.045
90.045
90.045
90.045
89.175
77.72
63.8
53.215
43.935
39.005
35.815
33.205
31.9
31.465
31.03
30.45
30.305
28.565
29.29
29.145
28.71
29.29
29.725
29.0
28.71
30.16
30.015
29.145
29.145
29.145
29.145
29.145
29.145
29.145
29.145
28.855
30.595
32.335
30.885
31.9
30.45
31.465
30.45
30.16
30.74
29.29
29.0
29.0
29.0
29.0
29.0
29.0
29.0
29.0
29.0
29.0
29.0
29.0
29.0
29.0
29.0
29.0
29.0
29.0
29.0
29.0
29.0
29.0
29.0
31.03
39.875
51.04
64.815
82.505
89.465
90.77
92.075
91.495
90.48
90.77
91.785
91.205
90.625
90.915
91.205
91.205
89.755
89.32
89.9
90.045
90.045
90.045
90.045
90.045
90.045
90.045
90.045
90.045
90.045
90.045
90.045
90.045
90.045
90.045
90.045
90.045
90.045
90.045
90.045
90.045
90.045
90.045
90.045
90.045
90.045
90.045
90.045
90.045
90.045
90.045
90.045
90.045
90.045
90.045
