233.16
233.16
233.16
233.16
233.16
233.16
233.16
233.16
233.16
233.16
233.16
233.16
233.16
233.16
233.16
233.16
233.16
233.16
233.16
233.16
233.16
233.16
233.16
233.16
233.16
233.16
233.16
233.16
233.16
233.16
233.16
233.16
233.16
233.16
233.16
233.16
233.16
233.16
233.16
233.16
233.16
233.16
233.16
233.16
233.16
233.16
233.16
233.16
233.16
233.16
233.16
233.16
233.16
233.16
233.16
233.16
233.16
233.16
232.87
233.16
233.16
233.16
232.87
233.16
233.16
232.87
232.87
232.87
233.16
232.87
233.16
232.87
232.87
232.87
233.16
232.87
233.16
219.53
204.16
188.5
177.19
169.07
158.34
153.99
153.99
153.12
151.09
148.48
148.77
146.74
145.58
147.61
145.87
144.71
144.42
144.42
144.42
144.71
131.95
118.03
102.66
91.35
84.1
78.59
72.79
68.73
66.41
64.38
63.51
62.93
61.77
61.77
61.19
61.19
60.9
61.48
61.48
60.61
60.9
60.9
60.9
60.9
60.9
60.9
60.9
60.9
60.9
60.9
60.9
60.9
60.9
60.9
60.9
60.9
60.9
60.9
60.9
60.9
60.9
60.9
60.9
60.9
60.9
60.9
60.9
60.9
60.9
60.9
60.9
60.9
60.9
60.9
60.9
60.9
60.9
60.9
60.9
60.9
60.9
60.9
60.9
60.9
60.9
60.9
60.9
60.9
60.9
60.9
60.9
60.9
60.9
60.9
60.9
