33.06
33.06
33.06
33.06
33.06
33.06
33.06
33.06
33.06
33.06
33.06
35.38
40.89
46.4
52.345
55.245
57.13
58.29
59.305
60.465
61.625
62.205
62.495
63.365
63.51
64.09
63.8
63.945
64.235
63.945
64.67
64.38
64.38
64.38
64.38
64.38
64.38
64.38
64.38
64.38
64.38
64.38
64.38
64.38
64.38
64.38
64.38
64.38
64.38
64.38
64.38
64.38
64.38
64.38
62.06
57.275
52.055
48.14
43.79
41.76
40.6
39.585
37.99
36.975
36.25
36.25
34.945
34.8
34.8
34.655
34.075
33.93
33.93
33.93
33.93
33.93
33.93
33.93
33.93
33.93
33.93
33.93
33.93
33.93
33.93
33.93
33.93
33.64
33.64
33.64
33.64
33.64
33.64
33.64
33.64
33.64
33.93
33.64
33.93
33.64
33.64
33.93
33.64
33.64
33.93
33.64
33.64
33.64
33.93
33.64
33.64
33.64
33.64
33.64
33.64
33.64
33.64
33.64
33.64
33.64
33.64
33.64
33.64
33.64
33.64
33.64
33.64
33.64
33.64
33.93
33.64
33.64
33.64
33.64
33.64
33.64
33.64
33.64
33.64
33.64
33.64
33.64
33.64
33.64
33.64
33.64
33.64
33.93
33.64
33.64
33.64
33.64
33.64
33.64
33.64
33.64
33.64
33.64
33.64
33.64
33.64
33.64
33.64
33.64
33.64
33.64
33.64
33.64
33.64
33.64
33.64
33.64
33.93
