65.625
65.625
65.625
65.625
65.625
65.625
65.625
65.625
65.625
65.625
65.625
65.625
65.625
65.625
65.625
65.625
65.625
65.625
65.625
65.625
65.625
65.625
65.625
65.625
65.625
65.625
65.625
65.625
65.625
65.625
65.625
65.625
65.625
65.625
65.625
65.625
65.625
65.625
65.625
65.625
65.625
65.625
65.625
65.625
150
150
150
150
150
150
150
150
150
150
150
150
150
150
150
150
150
150
150
150
150
150
150
150
150
150
150
150
150
150
150
150
150
150
150
150
150
150
150
150
150
150
150
25
150.0
148.828125
148.53515625
149.4140625
150.29296875
150.0
150.0
150.0
150.0
150.0
150.0
150.0
150.0
150.0
150.29296875
150.0
150.0
150.0
150.0
150.0
150.0
150.29296875
150.0
150.0
150.0
150.0
150.0
150.0
